date close volume open high low
2018/12/31 16.1700 1719435.0000 15.7000 16.3200 15.5600
2018/12/28 15.6500 1304764.0000 15.3600 16.0000 15.1100
2018/12/27 15.4500 1579498.0000 15.6500 15.7800 14.5600
2018/12/26 15.8400 2805985.0000 14.3400 15.9150 14.3300
2018/12/24 14.3200 1637598.0000 14.0100 14.6800 14.0100
2018/12/21 14.3300 5123374.0000 15.3000 15.4900 14.2900
2018/12/20 15.2700 3133388.0000 15.7300 16.1000 15.0100
2018/12/19 15.7800 2965677.0000 17.0700 17.6800 15.5600
2018/12/18 17.0400 1750275.0000 17.7300 17.9500 16.6700
2018/12/17 17.5600 1619520.0000 17.6400 18.5900 17.4500
2018/12/14 17.6700 1160846.0000 17.7900 18.2700 17.5600
2018/12/13 17.9300 1691803.0000 18.6100 18.6500 17.6500
2018/12/12 18.4800 1649427.0000 18.7800 19.4700 18.3300
2018/12/11 18.5700 838748.0000 19.0600 19.1300 18.3500
2018/12/10 18.7800 1708043.0000 18.0300 19.0200 17.8200
2018/12/07 18.2100 1979036.0000 18.7400 19.2000 18.0300
2018/12/06 18.9100 1766919.0000 18.6600 19.4300 18.3900
2018/12/04 18.8200 2627847.0000 20.2200 20.7900 18.7500
2018/12/03 20.3000 1802768.0000 19.7200 20.3400 19.1500
2018/11/30 19.0600 2545622.0000 20.0200 20.2899 18.8401
2018/11/29 20.1300 3296833.0000 20.3700 21.0300 19.4100
2018/11/28 20.5300 10319490.0000 19.1600 20.6700 18.3300
2018/11/27 17.0000 4448155.0000 18.2100 18.3500 16.8100
2018/11/26 19.4600 1016068.0000 18.6800 19.5000 18.4700
2018/11/23 18.5100 694898.0000 18.6300 19.3100 18.3500
2018/11/21 18.7800 843750.0000 18.4400 18.8100 18.0700
2018/11/20 18.2400 1564445.0000 17.3600 18.5000 17.3300
2018/11/19 18.1200 1704620.0000 18.8500 19.0900 17.9900
2018/11/16 18.9300 1740949.0000 18.4800 19.2400 18.1221
2018/11/15 18.6300 1481167.0000 17.4000 18.8300 17.4000
2018/11/14 17.5300 2279508.0000 18.1300 18.1800 17.0200
2018/11/13 17.8100 1948692.0000 18.9000 19.4000 17.7700
2018/11/12 18.8600 1660562.0000 18.9200 19.5000 18.6000
2018/11/09 18.8600 2167820.0000 19.1600 19.2000 18.2100
2018/11/08 19.2500 2571643.0000 20.0000 20.9100 19.1700
2018/11/07 20.0000 5127151.0000 23.0000 23.4600 19.6900
2018/11/06 21.8800 2715792.0000 21.5100 22.2000 21.1300
2018/11/05 21.6600 2015047.0000 22.6400 23.0000 21.2900
2018/11/02 22.7300 3099721.0000 22.5000 23.5500 22.1900
2018/11/01 22.3600 3952375.0000 19.6900 22.4800 19.6000
2018/10/31 19.4800 9947377.0000 22.5100 22.7000 19.2800
2018/10/30 21.0900 2104967.0000 21.0700 21.7700 20.1800
2018/10/29 21.1000 1973501.0000 22.3600 22.4000 20.3800
2018/10/26 21.7400 1736049.0000 20.7900 21.9500 20.4100
2018/10/25 21.2700 2201547.0000 19.5100 21.5900 19.2500
2018/10/24 19.2400 3065249.0000 21.9500 22.4600 19.2400
2018/10/23 22.0000 2688045.0000 21.2300 22.6300 20.9200
2018/10/22 21.7600 2121014.0000 22.1700 22.7700 21.1200
2018/10/19 22.2100 4936732.0000 22.5800 23.4800 22.1600
2018/10/18 22.7300 2801560.0000 22.8400 23.0500 22.2300
2018/10/17 22.8700 1898038.0000 22.8900 23.2000 21.8400
2018/10/16 22.9200 3721307.0000 21.5200 23.2000 21.2201
2018/10/15 21.2800 1503868.0000 21.6700 22.0000 20.8300
2018/10/12 21.7200 1880818.0000 21.3800 21.9300 21.1300
2018/10/11 20.9900 2601796.0000 20.2200 21.2400 19.8100
2018/10/10 20.2400 1948747.0000 21.0200 21.2200 20.1500
2018/10/09 21.1600 2651010.0000 21.0300 21.5950 20.7400
2018/10/08 21.1100 2341756.0000 21.2000 21.4200 20.3245
2018/10/05 21.4400 2404688.0000 21.5700 22.0900 20.8900
2018/10/04 21.4700 2475156.0000 20.9500 21.5200 20.6300
2018/10/03 21.1600 1948885.0000 20.3600 21.5000 19.9950
2018/10/02 20.1600 2749867.0000 20.5800 21.0700 19.6500
2018/10/01 20.7900 2021895.0000 20.8200 21.2300 20.2400
2018/09/28 20.7600 6301375.0000 21.7500 22.0400 20.0200
2018/09/27 21.8100 3048609.0000 21.0600 22.2200 21.0233
2018/09/26 21.1000 4000535.0000 21.5100 22.2000 20.8900
2018/09/25 21.4100 5236444.0000 20.0900 21.8459 20.0100
2018/09/24 19.8500 3297687.0000 20.2200 20.6019 19.7100
2018/09/21 20.1700 14721260.0000 20.1000 20.4554 19.1600
2018/09/20 19.1100 15043910.0000 15.2000 19.1900 15.0300
2018/09/19 15.1000 1653641.0000 14.2800 15.1700 14.1870
2018/09/18 14.2800 1451717.0000 14.0200 14.3000 13.9400
2018/09/17 14.0500 1484432.0000 13.9100 14.2500 13.8700
2018/09/14 13.8800 1423956.0000 13.7600 13.9900 13.5300
2018/09/13 13.7600 1137667.0000 13.7700 13.9100 13.5100
2018/09/12 13.7700 1181134.0000 13.5300 13.8200 13.1900
2018/09/11 13.4900 1539854.0000 13.8900 13.9102 13.1700
2018/09/10 13.9500 1603085.0000 14.0500 14.1700 13.7400
2018/09/07 14.0400 1242488.0000 13.9000 14.0700 13.7300
2018/09/06 14.0300 1432896.0000 14.4500 14.4800 13.9200
2018/09/05 14.3800 1244502.0000 14.1400 14.4801 14.0200
2018/09/04 14.2400 1641393.0000 14.1900 14.3000 13.8110
2018/08/31 14.2200 1183102.0000 14.4800 14.5900 14.0100
2018/08/30 14.4200 1640850.0000 14.3900 14.6400 14.3200
2018/08/29 14.4200 782341.0000 14.7000 14.7700 14.4100
2018/08/28 14.6000 830946.0000 14.5200 14.7570 14.4000
2018/08/27 14.5400 1469630.0000 14.4500 14.7200 14.3200
2018/08/24 14.3900 1061427.0000 14.3200 14.4772 14.0800
2018/08/23 14.2600 1825161.0000 14.5500 14.8700 13.9800
2018/08/22 14.1800 1308746.0000 14.0700 14.4100 14.0650
2018/08/21 14.1100 1940743.0000 13.6300 14.2100 13.4600
2018/08/20 13.5700 2809239.0000 13.1000 13.6100 12.8600
2018/08/17 13.0300 2895043.0000 13.3000 13.3000 12.8601
2018/08/16 13.3000 2723893.0000 13.8200 13.8580 13.1500
2018/08/15 13.7900 2317206.0000 14.3100 14.3400 13.6050
2018/08/14 14.3300 1903719.0000 14.5100 14.7863 14.2701
2018/08/13 14.2900 2467964.0000 14.8200 14.9600 14.1800
2018/08/10 14.9200 4294314.0000 13.8300 15.5600 13.8300
2018/08/09 13.9100 11251670.0000 12.8000 15.5400 12.7700
2018/08/08 14.0200 2475388.0000 14.1900 14.3800 14.0100
2018/08/07 14.1900 1620540.0000 14.1200 14.3100 13.8650
2018/08/06 13.9100 5080627.0000 14.6500 14.7500 13.6000
2018/08/03 15.2200 1226112.0000 15.6100 15.6500 15.0800
2018/08/02 15.4900 1685506.0000 15.1900 15.8500 15.0900
2018/08/01 15.3600 1837847.0000 14.9900 15.4300 14.8150
2018/07/31 15.0900 2296187.0000 14.8800 15.1500 14.7150
2018/07/30 14.8100 2915139.0000 15.3300 15.3500 14.6700
2018/07/27 15.4400 2214832.0000 16.1900 16.2600 15.2300
2018/07/26 16.2300 1759581.0000 16.0500 16.4718 15.8600
2018/07/25 16.0500 1808344.0000 15.8600 16.2400 15.8292
2018/07/24 15.9900 2702580.0000 16.5400 16.6500 15.7600
2018/07/23 16.4700 1819355.0000 16.7100 16.8500 16.3500
2018/07/20 16.8400 3009824.0000 17.1100 17.4100 16.6100
2018/07/19 17.0800 2286217.0000 17.4500 17.5801 17.0300
2018/07/18 17.5800 2684202.0000 18.2000 18.3700 17.3900
2018/07/17 18.1600 4101871.0000 16.8700 18.3000 16.8100
2018/07/16 16.8700 2607351.0000 17.5200 17.6300 16.7700
2018/07/13 17.4600 2555813.0000 17.7000 17.9700 17.2400
2018/07/12 17.7600 3716110.0000 16.9800 17.7800 16.7500
2018/07/11 16.8200 1646084.0000 16.5000 16.9500 16.3000
2018/07/10 16.6800 3729380.0000 16.5600 16.9600 16.1001
2018/07/09 16.6300 6897599.0000 17.9600 18.4400 16.0000
2018/07/06 17.8400 4603692.0000 16.7700 18.1500 16.7000
2018/07/05 16.6400 2015727.0000 16.4900 16.9900 16.3200
2018/07/03 16.4000 1485096.0000 16.7200 16.8700 16.2154
2018/07/02 16.7100 4240291.0000 15.1600 16.7500 15.1310
2018/06/29 15.2700 7956560.0000 16.5500 17.1400 15.1850
2018/06/28 15.0700 3601199.0000 15.8400 15.8700 14.7200
2018/06/27 15.8700 2548424.0000 16.3600 16.5000 15.8700
2018/06/26 16.3000 2913084.0000 16.0000 16.5800 15.6000
2018/06/25 16.0700 2591847.0000 16.2800 16.3400 15.5700
2018/06/22 16.3300 13520530.0000 16.0100 16.3650 15.7800
2018/06/21 15.9500 3311987.0000 17.0500 17.3400 15.9000
2018/06/20 17.0500 1951446.0000 16.3300 17.0600 16.3300
2018/06/19 16.3300 6013748.0000 16.1500 17.4700 16.0900
2018/06/18 15.8300 1878160.0000 15.5600 15.9400 15.3900
2018/06/15 15.7300 5194964.0000 15.1900 15.9100 14.9039
2018/06/14 15.3500 3781280.0000 16.4000 16.4500 15.3100
2018/06/13 16.1800 5367067.0000 17.7000 17.8500 15.6900
2018/06/12 17.6700 1623278.0000 17.9400 18.3900 17.4700
2018/06/11 17.8700 2050509.0000 17.5700 17.9800 17.5000
2018/06/08 17.6000 1667012.0000 17.5000 17.7300 17.0500
2018/06/07 17.5000 1555668.0000 17.6300 17.8500 17.2300
2018/06/06 17.5200 1153466.0000 17.5100 17.6000 17.2100
2018/06/05 17.4300 1626680.0000 17.4100 17.7500 17.2800
2018/06/04 17.4400 1848215.0000 18.3453 18.4481 17.2710
2018/06/01 18.3400 1475845.0000 18.1300 18.5600 18.0000
2018/05/31 18.1000 1333266.0000 18.0900 18.3400 17.7700
2018/05/30 18.1100 1260485.0000 17.8300 18.1400 17.6700
2018/05/29 17.7600 1350462.0000 17.5500 17.8400 17.2300
2018/05/25 17.6900 1033776.0000 17.4200 17.8300 17.2600
2018/05/24 17.4700 1997496.0000 16.9700 17.7000 16.6100
2018/05/23 17.0000 2949356.0000 17.2300 17.7600 16.9600
2018/05/22 17.2500 3290729.0000 17.8400 17.9050 17.2000
2018/05/21 17.6700 1660223.0000 18.0200 18.2500 17.5900
2018/05/18 18.0000 1792106.0000 18.0400 18.3300 17.8600
2018/05/17 18.1300 1957484.0000 18.5700 18.7500 17.9400
2018/05/16 18.5000 2491085.0000 18.6000 18.9700 18.4150
2018/05/15 18.5800 1755550.0000 19.0700 19.1942 18.4400
2018/05/14 19.1400 1435738.0000 18.6500 19.4300 18.6500
2018/05/11 18.5500 1164951.0000 18.1500 18.6400 18.0500
2018/05/10 18.2600 1325487.0000 18.5900 18.7600 18.2200
2018/05/09 18.5800 1380598.0000 18.1400 18.6500 18.0000
2018/05/08 18.1100 1755960.0000 18.4000 18.4100 17.8405
2018/05/07 18.5400 3190722.0000 17.7700 18.7300 17.5000
2018/05/04 17.8000 6734436.0000 17.5000 18.2000 16.4900
2018/05/03 16.0400 4970129.0000 16.7300 17.1900 15.5810
2018/05/02 16.8800 3091140.0000 16.4000 17.1400 16.4000
2018/05/01 16.4800 2497924.0000 15.8400 16.8800 15.6500
2018/04/30 15.8100 2872874.0000 16.3800 16.5400 15.7300
2018/04/27 16.2800 7182274.0000 15.6780 16.6200 15.5000
2018/04/26 15.1200 7648653.0000 15.5000 16.1300 15.0100
2018/04/25 15.2000 18266170.0000 19.4000 20.0400 14.5100
2018/04/24 19.4700 1767279.0000 20.0000 20.0378 19.3200
2018/04/23 19.9200 1746995.0000 19.9500 20.4400 19.6100
2018/04/20 19.9000 2793307.0000 19.7600 20.0000 19.2000
2018/04/19 19.6600 2237960.0000 19.7300 20.0000 19.2000
2018/04/18 19.9800 1934936.0000 19.8500 20.2000 19.5600
2018/04/17 19.8800 1388876.0000 19.1700 19.9899 19.0800
2018/04/16 18.9800 1568909.0000 18.9000 19.3200 18.7110
2018/04/13 18.9000 2225824.0000 19.3700 19.3750 18.6800
2018/04/12 19.2900 3115268.0000 19.0900 19.6700 18.2900
2018/04/11 19.1000 6179073.0000 17.6000 19.4700 17.4010
2018/04/10 17.7400 8751838.0000 16.6800 18.1900 16.3201
2018/04/09 16.5000 23841230.0000 17.6000 17.7800 15.7400
2018/04/06 21.5300 1128213.0000 21.8900 22.3300 21.4400
2018/04/05 22.1300 1463755.0000 22.4500 22.5600 21.8900
2018/04/04 22.3400 1729967.0000 20.7600 22.4800 20.6201
2018/04/03 21.2000 1330112.0000 21.0600 21.5200 20.6700
2018/04/02 20.8800 2309218.0000 22.1700 22.3100 20.6700
2018/03/29 22.4700 3835971.0000 23.1000 23.1550 21.8100
2018/03/28 23.1100 1699761.0000 22.7200 23.3300 22.2800
2018/03/27 22.6800 1360775.0000 23.6900 23.8216 22.5150
2018/03/26 23.5400 1616772.0000 23.0200 23.6400 22.5400
2018/03/23 22.5700 2395270.0000 23.6300 23.9500 22.4700
2018/03/22 23.8500 1274434.0000 24.4500 24.7890 23.7600
2018/03/21 24.6600 1116576.0000 24.5300 24.9400 24.2500
2018/03/20 24.5100 1024287.0000 24.7400 24.7400 24.1200
2018/03/19 24.5800 1366676.0000 25.7000 25.7900 24.3299
2018/03/16 25.7500 2017201.0000 25.1700 25.8800 25.1100
2018/03/15 25.2100 1134395.0000 25.2600 25.3500 24.8500
2018/03/14 25.0500 1598378.0000 25.0200 25.1900 24.7000
2018/03/13 24.9800 2076323.0000 26.0100 26.2300 24.6800
2018/03/12 25.8900 1576563.0000 25.4600 26.0199 25.3000
2018/03/09 25.3300 1531218.0000 25.3100 25.5700 25.0300
2018/03/08 25.2500 1427489.0000 25.3300 25.4843 24.9700
2018/03/07 25.4000 2586212.0000 24.6900 25.9500 24.6300
2018/03/06 25.1100 1645158.0000 24.8500 25.1600 24.2100
2018/03/05 24.8300 2633947.0000 24.2600 24.9300 23.7517
2018/03/02 23.6800 3803424.0000 22.6800 23.7900 22.3500
2018/03/01 22.9800 6700882.0000 25.4100 25.4400 22.6850
2018/02/28 24.9150 11605030.0000 27.7700 27.7700 24.5000
2018/02/27 31.1600 1923558.0000 32.1300 32.5300 31.1200
2018/02/26 32.3300 1527940.0000 31.6800 32.4300 31.6100
2018/02/23 31.5200 1501873.0000 30.3800 31.7000 30.3600
2018/02/22 30.2400 1719429.0000 30.7500 31.7000 30.2200
2018/02/21 30.4300 1852674.0000 31.0300 31.3600 30.1800
2018/02/20 31.0500 1124940.0000 30.7000 31.7100 30.5000
2018/02/16 30.9200 620415.0000 31.0000 31.5500 30.8094
2018/02/15 31.0600 859695.0000 31.0000 31.2000 30.5000
2018/02/14 30.6000 1705370.0000 29.1400 30.7900 28.9700
2018/02/13 29.5050 879760.0000 28.8800 29.5100 28.4800
2018/02/12 28.8700 924502.0000 28.5800 29.1800 27.8900
2018/02/09 28.2700 1884311.0000 28.6200 28.9999 26.7300
2018/02/08 28.3500 1879782.0000 29.5100 29.7800 28.0700
2018/02/07 29.3200 1749138.0000 28.5300 29.6400 28.4600
2018/02/06 28.8000 2646957.0000 26.7300 28.8400 26.4300
2018/02/05 26.9100 1902249.0000 28.5500 28.9600 26.9100
2018/02/02 28.9600 1055422.0000 30.0000 30.4300 28.8300
2018/02/01 30.2600 883683.0000 29.6100 30.4900 29.5000
2018/01/31 29.9100 1155389.0000 30.6800 30.9600 29.5000
2018/01/30 30.6500 1152938.0000 30.9800 31.7000 30.5700
2018/01/29 31.7400 1848708.0000 32.2000 32.9900 31.6100
2018/01/26 32.1300 1915266.0000 30.9000 32.1400 30.5900
2018/01/25 30.6800 1276391.0000 31.0000 31.0000 29.8500
2018/01/24 30.5700 3628700.0000 30.7500 31.7600 29.9100
2018/01/23 30.3200 4035546.0000 29.0000 30.9900 28.8400
2018/01/22 28.9300 3433034.0000 27.3500 28.9900 27.0500
2018/01/19 26.9200 3534786.0000 27.8200 28.0900 26.8500
2018/01/18 27.7800 1140525.0000 28.2500 28.3000 27.7283
2018/01/17 28.2500 1262221.0000 28.4300 28.4700 28.0500
2018/01/16 28.1500 1539171.0000 28.5800 28.7300 28.0700
2018/01/12 28.3700 1694294.0000 27.8000 28.4400 27.6000
2018/01/11 27.9000 1721152.0000 28.6000 28.7500 27.6000
2018/01/10 28.6300 1546276.0000 28.1700 28.7600 27.7500
2018/01/09 28.2900 2154333.0000 27.1100 28.7200 27.0700
2018/01/08 27.1100 3351356.0000 28.9700 29.2520 27.0600
2018/01/05 28.9000 1371036.0000 28.8800 29.0500 28.5000
2018/01/04 28.7800 2745992.0000 29.6400 29.8145 28.3500
2018/01/03 29.5100 2208351.0000 30.5200 31.2400 29.4500
2018/01/02 30.4300 1800671.0000 30.3900 30.5800 29.7000
2017/12/29 30.1100 852547.0000 31.1800 31.2000 30.0800
2017/12/28 31.1800 726532.0000 30.7200 31.2300 30.5300
2017/12/27 30.7000 1142137.0000 30.5000 30.8800 30.2100
2017/12/26 30.4600 2318128.0000 29.1000 30.7100 29.1000
2017/12/22 29.2600 1327949.0000 28.6600 29.3500 28.6500
2017/12/21 28.7500 1437569.0000 28.3000 29.1800 28.2800
2017/12/20 28.3000 1301953.0000 28.3000 28.5500 28.0100
2017/12/19 28.1200 1596242.0000 28.4000 28.8400 28.0700
2017/12/18 28.4200 1996502.0000 29.0600 29.3947 28.1300
2017/12/15 28.9800 1642487.0000 29.1800 29.5700 28.8500
2017/12/14 28.9700 1124964.0000 30.0300 30.0300 28.9200
2017/12/13 29.9400 973140.0000 29.3300 30.0500 29.2310
2017/12/12 29.1800 1569805.0000 30.6500 30.7500 28.9500
2017/12/11 29.9700 1284916.0000 30.5000 30.8700 29.7600
2017/12/08 30.4900 1005407.0000 30.4100 30.6350 29.8200
2017/12/07 30.0900 906055.0000 29.7900 30.7100 29.5500
2017/12/06 29.7100 1212845.0000 29.9500 30.1100 29.4000
2017/12/05 29.9500 2047729.0000 28.8800 30.9550 28.8000
2017/12/04 28.9200 1470151.0000 30.5300 30.9684 28.8200
2017/12/01 30.1600 1813616.0000 30.1500 30.5500 29.1100
2017/11/30 30.2500 1890456.0000 28.9800 30.2700 28.7500
2017/11/29 29.0200 1743913.0000 27.6900 29.0700 27.6500
2017/11/28 27.7000 938711.0000 27.8500 28.0640 27.3100
2017/11/27 27.6000 888265.0000 28.0000 28.1600 27.5100
2017/11/24 28.0000 469589.0000 28.3800 28.5800 27.7895
2017/11/22 28.2500 581270.0000 27.8300 28.2800 27.6800
2017/11/21 27.8900 752789.0000 27.8800 27.9200 27.3600
2017/11/20 27.7000 1590591.0000 27.7500 28.4000 27.3000
2017/11/17 27.8600 1712097.0000 27.6500 27.9300 26.8000
2017/11/16 27.6400 1582644.0000 27.1100 27.7800 26.8500
2017/11/15 26.8400 2091926.0000 27.0000 27.4600 26.0100
2017/11/14 27.0000 1840861.0000 27.3000 27.6490 26.7200
2017/11/13 27.3100 2537297.0000 28.4900 28.5000 26.9100
2017/11/10 28.6000 1805907.0000 29.2000 29.8800 28.5500
2017/11/09 29.1600 2096270.0000 29.4500 30.0100 29.0000
2017/11/08 29.4100 6030111.0000 33.5200 33.5200 28.9850
2017/11/07 32.4600 2385528.0000 32.6000 32.9746 31.9250
2017/11/06 32.5500 3349102.0000 35.2600 35.4852 32.1500
2017/11/03 35.8500 2652586.0000 35.2100 38.0000 35.0700
2017/11/02 35.1100 1368153.0000 34.4700 35.7200 33.9990
2017/11/01 34.3600 685977.0000 35.0600 35.1992 34.0800
2017/10/31 34.8300 727139.0000 35.2400 35.5290 34.8100
2017/10/30 35.1800 592835.0000 34.8200 35.8699 34.8200
2017/10/27 35.0400 1226952.0000 34.5300 35.4300 34.0000
2017/10/26 34.6500 991439.0000 34.5200 35.0850 33.8800
2017/10/25 34.8900 996927.0000 35.6500 35.8500 34.3500
2017/10/24 35.6400 1000354.0000 35.8200 36.1300 35.2500
2017/10/23 35.7800 969597.0000 36.4900 36.8800 35.7700
2017/10/20 36.3200 1331706.0000 35.8500 36.5400 35.3300
2017/10/19 35.8300 1770984.0000 36.0700 36.0800 34.8501
2017/10/18 36.7300 1364585.0000 37.1500 37.7800 36.2000
2017/10/17 36.9900 1239188.0000 36.0600 37.2300 36.0400
2017/10/16 36.1000 1068927.0000 35.6000 36.7785 35.4350
2017/10/13 35.4000 1368558.0000 35.8200 36.1800 35.1000
2017/10/12 35.5000 1375335.0000 35.3800 36.0605 35.2800
2017/10/11 35.7600 1638948.0000 36.7300 36.9000 35.6500
2017/10/10 36.9100 1069997.0000 37.6400 37.9900 36.6600
2017/10/09 37.5900 1193646.0000 38.5400 38.7900 37.3100
2017/10/06 38.5400 2005632.0000 38.1300 39.0100 37.0100
2017/10/05 38.3000 3937046.0000 40.6000 41.2000 37.8200
2017/10/04 39.1400 1747006.0000 38.7400 39.3500 38.4900
2017/10/03 38.8600 1467710.0000 38.5900 39.0000 38.2100
2017/10/02 38.4300 1322231.0000 37.5000 38.6400 37.4500
2017/09/29 37.6700 1946203.0000 38.4400 38.5400 36.5010
2017/09/28 38.3700 795812.0000 38.0000 38.4200 37.6590
2017/09/27 37.9000 1044410.0000 37.6300 38.2600 37.3942
2017/09/26 37.4300 803317.0000 37.6700 37.9800 37.1100
2017/09/25 37.6700 1002097.0000 37.4100 38.0000 37.1410
2017/09/22 37.5900 867143.0000 37.6600 37.8900 37.3000
2017/09/21 37.6300 1202671.0000 36.7800 38.0300 36.5400
2017/09/20 36.8500 775182.0000 36.6700 37.3300 36.4100
2017/09/19 36.5500 836769.0000 37.1700 37.1800 36.4500
2017/09/18 36.9800 1226141.0000 36.7900 37.2000 36.4950
2017/09/15 36.8300 2352235.0000 36.2900 37.0000 35.8000
2017/09/14 36.3500 884298.0000 36.3300 36.7000 36.1800
2017/09/13 36.4600 1081832.0000 37.1900 37.1900 36.3700
2017/09/12 37.1700 1231650.0000 37.0300 37.6400 36.9000
2017/09/11 37.0800 1344955.0000 37.0500 37.1800 36.3400
2017/09/08 36.9300 2275350.0000 36.1000 37.6800 36.1000
2017/09/07 35.8000 885208.0000 35.2900 35.8962 35.0958
2017/09/06 35.6900 1513382.0000 35.1900 35.9300 34.0500
2017/09/05 35.2000 1435306.0000 36.0000 36.3100 34.6200
2017/09/01 36.1600 1400040.0000 35.6900 36.5700 35.1300
2017/08/31 35.6100 1925011.0000 34.9200 35.9500 34.8240
2017/08/30 34.7200 1511673.0000 33.9000 35.0700 33.5600
2017/08/29 33.9100 1574970.0000 32.0000 34.0000 31.8000
2017/08/28 33.4400 979841.0000 32.9400 33.4800 32.5500
2017/08/25 32.4500 918934.0000 32.8700 32.9700 32.4300
2017/08/24 32.8200 1013120.0000 31.9900 32.8800 31.9800
2017/08/23 31.9100 855438.0000 31.2800 32.3100 31.1400
2017/08/22 31.4400 797879.0000 31.0400 31.4800 30.6800
2017/08/21 30.9400 591922.0000 31.0800 31.4100 30.5900
2017/08/18 31.0800 908919.0000 31.0400 31.4000 30.8700
2017/08/17 31.0300 1387568.0000 31.3300 32.1100 31.0000
2017/08/16 31.3900 1419711.0000 32.1800 32.4383 31.0900
2017/08/15 32.1100 951878.0000 32.0100 32.6300 31.7100
2017/08/14 31.8900 1359726.0000 31.5000 32.0750 31.4000
2017/08/11 31.2100 2092147.0000 30.4700 31.5600 30.2500
2017/08/10 30.2300 3468491.0000 33.0200 33.2900 30.1900
2017/08/09 33.2100 7900386.0000 32.7500 34.9500 32.6000
2017/08/08 29.5400 1858894.0000 30.5300 30.9700 29.3301
2017/08/07 30.5700 995959.0000 30.5000 30.9700 30.2799
2017/08/04 30.6900 1250872.0000 29.6000 30.7800 29.4400
2017/08/03 29.5900 651976.0000 29.5500 29.7540 29.0564
2017/08/02 29.4900 854086.0000 29.5100 29.7900 29.2100
2017/08/01 29.5500 1079947.0000 29.9400 30.0300 29.3000
2017/07/31 29.7700 780308.0000 30.1400 30.2600 29.4600
2017/07/28 30.1300 748624.0000 29.2800 30.2600 29.1600
2017/07/27 29.4700 1064617.0000 30.2300 30.3900 29.2000
2017/07/26 30.1300 635224.0000 30.1000 30.4300 29.9000
2017/07/25 30.0300 1666382.0000 30.6000 30.7518 29.8514
2017/07/24 30.4700 1055192.0000 30.4100 30.6250 29.9300
2017/07/21 30.4300 1204332.0000 29.9800 30.5800 29.7800
2017/07/20 30.0900 1588394.0000 29.0300 30.4598 28.9900
2017/07/19 29.0000 1497144.0000 29.1500 29.7072 28.8800
2017/07/18 28.9600 790477.0000 28.9000 28.9700 28.3900
2017/07/17 28.8500 1248224.0000 28.6500 29.4000 28.4600
2017/07/14 28.5900 1610382.0000 28.1600 29.3600 27.8100
2017/07/13 28.1700 1641024.0000 27.9900 28.5130 26.9100
2017/07/12 27.9500 1408579.0000 26.8500 28.1600 26.6600
2017/07/11 26.7600 1884131.0000 28.2000 28.2500 26.4100
2017/07/10 27.6000 1613577.0000 29.2000 29.2600 27.4800
2017/07/07 29.1900 1171476.0000 28.8200 29.7900 28.7800
2017/07/06 28.6900 2072665.0000 29.4700 29.5300 28.5700
2017/07/05 29.6400 1575672.0000 28.4000 29.6600 28.3500
2017/07/03 28.4700 489495.0000 28.1000 28.5400 27.8000
2017/06/30 27.8900 1255132.0000 28.6300 28.7900 27.8300
2017/06/29 28.6800 1203416.0000 28.1500 28.8200 27.8500
2017/06/28 28.2600 1103900.0000 27.7700 28.4500 27.4200
2017/06/27 27.6400 1780536.0000 29.0300 29.0300 27.4400
2017/06/26 29.0100 1045436.0000 29.3900 29.7000 28.8101
2017/06/23 29.2400 1428555.0000 28.6800 29.3150 28.1400
2017/06/22 28.6800 2112799.0000 29.5300 30.0900 28.4800
2017/06/21 29.2700 3074400.0000 28.1400 30.2200 28.1400
2017/06/20 28.2200 1491577.0000 28.0700 28.9500 27.8400
2017/06/19 27.9900 1523168.0000 27.3400 28.4200 27.0200
2017/06/16 27.1000 2018217.0000 26.4100 27.2000 26.1600
2017/06/15 26.2800 1143805.0000 27.1400 27.3200 26.1400
2017/06/14 27.3800 993328.0000 27.2500 27.9300 27.1200
2017/06/13 27.2500 769365.0000 27.3000 27.5000 27.0100
2017/06/12 27.0800 1582915.0000 27.4000 28.0100 26.6700
2017/06/09 27.4000 1751081.0000 26.1500 27.4300 25.9700
2017/06/08 26.1400 1698036.0000 25.4200 26.1900 25.0600
2017/06/07 25.4500 1259198.0000 26.2700 26.2700 25.3200
2017/06/06 26.1600 1038033.0000 26.4200 26.7800 26.0900
2017/06/05 26.5100 1282457.0000 27.0400 27.0400 25.9700
2017/06/02 26.9300 1062624.0000 26.9500 27.1000 26.5900
2017/06/01 26.8200 1522794.0000 25.8500 27.0500 25.6650
2017/05/31 25.7100 1999363.0000 25.8500 26.1700 25.2800
2017/05/30 25.6500 1289192.0000 25.9900 26.1700 25.3500
2017/05/26 26.0200 1153788.0000 26.2800 26.6900 25.8600
2017/05/25 26.2700 2276758.0000 27.5000 27.6300 26.0500
2017/05/24 27.3600 1402676.0000 27.3500 27.6000 26.9300
2017/05/23 27.5500 1220181.0000 28.0900 28.3000 27.2800
2017/05/22 28.0100 1259118.0000 27.9900 28.2100 27.5500
2017/05/19 27.8500 2024722.0000 27.4000 28.2400 27.2600
2017/05/18 27.3100 1549041.0000 27.1600 27.5800 26.6500
2017/05/17 27.0600 2627071.0000 27.8000 28.2200 26.8100
2017/05/16 28.4000 1682397.0000 28.5200 28.7600 28.0200
2017/05/15 28.5300 2245298.0000 29.2500 29.3900 28.1600
2017/05/12 29.0100 1774812.0000 28.8600 29.4600 28.7900
2017/05/11 28.8000 2142440.0000 28.7700 29.8300 28.7150
2017/05/10 29.0600 7491969.0000 30.0000 30.3600 28.0100
2017/05/09 32.2600 1520685.0000 32.0100 32.3100 31.4300
2017/05/08 31.7900 1171989.0000 32.5600 32.6500 31.4400
2017/05/05 32.7400 865758.0000 32.2500 32.8000 31.8100
2017/05/04 32.3500 1157496.0000 32.6100 32.6100 32.0600
2017/05/03 32.4500 881490.0000 32.7600 32.8800 32.3600
2017/05/02 32.7700 1612740.0000 34.3400 34.4500 32.5100
2017/05/01 34.4100 1199127.0000 34.3200 34.9800 34.1100
2017/04/28 34.3300 1041408.0000 33.8700 34.3900 33.5000
2017/04/27 33.8300 1044997.0000 33.6800 33.9200 33.0800
2017/04/26 33.6600 1394437.0000 34.7700 35.2200 33.6100
2017/04/25 34.7100 2402070.0000 33.9800 36.2000 33.9300
2017/04/24 33.7200 1441520.0000 32.6600 33.8300 32.4100
2017/04/21 32.2100 1027737.0000 32.5200 32.8100 32.1300
2017/04/20 32.5900 787572.0000 32.4500 32.9300 32.2800
2017/04/19 32.3500 1226151.0000 32.4700 32.9800 32.1900
2017/04/18 32.4400 981252.0000 33.0100 33.2968 32.1500
2017/04/17 33.3700 751777.0000 33.4600 34.1400 33.3250
2017/04/13 33.4800 1122761.0000 33.0100 34.1000 32.8900
2017/04/12 33.0900 812722.0000 33.0600 33.5800 32.8700
2017/04/11 32.9000 926820.0000 33.0000 33.3800 32.4900
2017/04/10 33.0700 989528.0000 32.5600 33.4600 32.3000
2017/04/07 32.3600 995994.0000 32.4000 32.4500 31.7495
2017/04/06 32.4100 1687366.0000 32.6500 32.7700 32.0200
2017/04/05 32.6700 1857634.0000 33.6500 34.0449 32.4800
2017/04/04 33.5300 1493155.0000 34.0500 34.4900 33.1600
2017/04/03 34.0500 909281.0000 34.4300 34.8900 34.0300
2017/03/31 34.3800 929692.0000 34.1000 34.8400 33.7880
2017/03/30 34.1000 1975748.0000 35.6300 35.6999 33.8900
2017/03/29 35.8600 940222.0000 35.8400 36.5500 35.7100
2017/03/28 35.7100 1003942.0000 35.7000 36.2700 35.4000
2017/03/27 35.6500 1159702.0000 34.4000 35.6900 33.8500
2017/03/24 34.8300 1209729.0000 34.5800 35.0000 34.1900
2017/03/23 34.4500 960071.0000 34.9600 35.0700 34.4200
2017/03/22 34.9300 1386190.0000 34.9200 35.1500 34.1500
2017/03/21 35.0100 1947027.0000 37.3400 37.3400 34.9300
2017/03/20 37.1900 1262049.0000 37.1100 37.6000 36.5100
2017/03/17 37.1300 1676882.0000 37.3300 37.7500 36.9500
2017/03/16 37.5000 988142.0000 38.3600 38.3600 37.3100
2017/03/15 38.2000 1119536.0000 37.6800 38.3200 37.5300
2017/03/14 37.5300 1145830.0000 37.4000 37.6500 36.6800
2017/03/13 37.4700 1578601.0000 36.8300 37.5750 36.6400
2017/03/10 36.8300 1327044.0000 36.5400 36.8399 36.1700
2017/03/09 36.4700 915360.0000 36.5300 36.9900 35.9600
2017/03/08 36.5400 1627536.0000 36.2100 37.0700 36.0550
2017/03/07 36.2100 1225491.0000 36.2100 37.0000 35.9900
2017/03/06 36.7900 2334812.0000 36.8900 37.1900 36.2400
2017/03/03 36.8900 2201697.0000 35.6900 37.1200 35.5200
2017/03/02 35.8000 4363466.0000 36.8200 37.9200 35.6900
2017/03/01 36.6300 4265038.0000 38.1000 38.6600 36.2000
2017/02/28 38.1100 3105310.0000 40.0000 40.0674 38.0200
2017/02/27 39.8500 2263177.0000 38.7800 40.0900 38.7500
2017/02/24 38.8800 1965429.0000 39.0800 39.4260 38.1600
2017/02/23 39.5600 2318375.0000 39.2600 40.8300 38.8600
2017/02/22 39.1400 1219031.0000 39.0000 39.6300 38.7900
2017/02/21 39.2000 1842615.0000 39.5400 40.0200 38.6814
2017/02/17 39.2800 1674691.0000 39.0300 39.3200 38.5600
2017/02/16 39.2200 2144369.0000 39.4000 40.4900 38.7000
2017/02/15 39.4700 2244016.0000 39.5800 39.6500 38.5900
2017/02/14 39.6900 4856172.0000 36.9600 39.7500 36.2702
2017/02/13 37.2400 1929040.0000 37.0900 37.9200 36.9800
2017/02/10 37.0900 1894529.0000 37.9500 38.1900 37.0600
2017/02/09 37.9500 1688470.0000 38.8400 39.0400 37.8600
2017/02/08 38.5400 2360227.0000 37.8900 38.7200 37.3700
2017/02/07 38.1900 2822661.0000 37.9700 38.6700 37.6497
2017/02/06 37.8500 2853211.0000 36.3200 37.9500 35.8228
2017/02/03 36.6100 7101838.0000 35.5500 38.2500 34.9000
2017/02/02 35.2300 1534510.0000 34.5700 35.3500 34.1600
2017/02/01 34.4900 2720856.0000 34.6500 35.3800 34.0600
2017/01/31 34.5900 3355371.0000 32.3700 34.8546 31.8200
2017/01/30 32.6000 1748194.0000 31.4600 32.6700 31.4300
2017/01/27 31.9300 1318843.0000 31.3900 31.9700 31.0000
2017/01/26 31.3700 1609085.0000 31.2800 32.1000 31.0850
2017/01/25 31.1300 1820811.0000 30.1400 31.3000 30.1400
2017/01/24 30.1400 1588679.0000 30.1800 30.2300 29.1200
2017/01/23 30.3700 1319621.0000 31.0200 31.0400 29.8756
2017/01/20 31.0200 1287336.0000 31.4600 31.6500 30.9300
2017/01/19 31.4300 1243917.0000 32.2100 32.3000 31.3100
2017/01/18 32.3100 1590818.0000 31.3800 32.4000 31.2600
2017/01/17 31.3500 1964057.0000 31.3500 31.6500 30.0467
2017/01/13 31.7700 1918655.0000 31.8000 32.3500 31.1000
2017/01/12 31.7800 3172515.0000 29.5600 32.0500 29.1355
2017/01/11 29.8700 3351696.0000 31.4500 31.6800 29.3756
2017/01/10 31.4700 2515204.0000 32.5600 32.7900 31.1700
2017/01/09 32.6900 1995354.0000 32.9800 33.3294 32.3500
2017/01/06 32.6400 2184392.0000 31.7000 32.9300 31.7000
2017/01/05 31.6800 2620679.0000 32.1000 32.3900 30.8800
2017/01/04 31.9400 7014501.0000 28.9100 32.9300 28.6900
2017/01/03 28.7700 1369607.0000 29.1300 29.5400 28.5300