date close volume open high low
2018/12/31 234.0000 882.0000 234.0000 234.0000 234.0000
2018/12/28 234.4000 568.0000 234.4000 234.4000 234.4000
2018/12/27 232.0000 469.0000 232.0000 232.0000 232.0000
2018/12/26 227.3000 3695.0000 226.0000 231.7100 225.9000
2018/12/24 226.3000 592.0000 221.5311 226.3000 221.5311
2018/12/21 230.5700 5922.0000 226.2100 236.5700 226.2100
2018/12/20 229.0500 1016.0000 231.9899 231.9899 229.0500
2018/12/19 226.8200 420.0000 226.8200 226.8200 226.8200
2018/12/18 229.0000 418.0000 229.0000 229.0000 229.0000
2018/12/17 223.9000 943.0000 234.4000 234.4000 223.9000
2018/12/14 229.0000 1357.0000 229.0000 229.0000 228.9600
2018/12/13 228.5600 567.0000 228.5600 228.5600 228.5600
2018/12/12 234.4900 1314.0000 230.7101 234.4900 229.9401
2018/12/11 231.8800 0.0000 231.8800 231.8800 231.8800
2018/12/10 231.8800 4077.0000 230.0000 232.0000 229.9999
2018/12/07 237.9600 643.0000 237.9600 237.9600 237.9600
2018/12/06 238.6600 366.0000 238.6600 238.6600 238.6600
2018/12/04 236.9900 842.0000 236.9900 236.9900 236.9900
2018/12/03 236.5000 1038.0000 237.1400 237.1400 236.5000
2018/11/30 236.0000 1907.0000 234.8900 244.3200 234.8900
2018/11/29 234.0000 0.0000 234.0000 234.0000 234.0000
2018/11/28 234.0000 652.0000 234.0000 234.0000 234.0000
2018/11/27 235.6900 510.0000 235.6900 235.6900 235.6900
2018/11/26 233.2000 514.0000 233.2000 233.2000 233.2000
2018/11/23 233.4800 1021.0000 232.0001 236.0100 232.0001
2018/11/21 236.0000 770.0000 236.0000 236.0000 235.9900
2018/11/20 235.0000 895.0000 235.0000 235.0000 234.9900
2018/11/19 235.9900 1211.0000 239.0000 239.0000 235.9900
2018/11/16 234.2000 1065.0000 237.1200 237.1200 234.2000
2018/11/15 237.9700 164.0000 237.9700 237.9700 237.9700
2018/11/14 233.7500 1903.0000 232.0000 233.9900 232.0000
2018/11/13 232.0000 939.0000 233.0000 235.0000 232.0000
2018/11/12 230.0000 2085.0000 230.0000 230.0000 226.2000
2018/11/09 230.5600 677.0000 230.5100 230.5600 230.5100
2018/11/08 230.9600 229.0000 230.9600 230.9600 230.9600
2018/11/07 233.9000 828.0000 225.9000 233.9000 225.9000
2018/11/06 225.0000 10294.0000 238.2300 238.2300 212.2000
2018/11/05 235.3500 1090.0000 240.0000 240.0000 235.3500
2018/11/02 235.1000 333.0000 235.1000 235.1000 235.1000
2018/11/01 238.7500 472.0000 238.7500 238.7500 238.7500
2018/10/31 237.0400 1707.0000 237.0400 237.0400 237.0400
2018/10/30 236.9400 2585.0000 235.4000 238.0000 232.9000
2018/10/29 238.4000 447.0000 239.5000 239.5000 238.4000
2018/10/26 239.0000 691.0000 239.0000 239.0000 239.0000
2018/10/25 239.5000 1071.0000 239.5000 239.5000 239.5000
2018/10/24 233.6000 529.0000 233.6000 233.6000 233.6000
2018/10/23 232.7400 0.0000 232.7400 232.7400 232.7400
2018/10/22 232.7400 0.0000 232.7400 232.7400 232.7400
2018/10/19 232.7400 847.0000 236.1700 236.1700 232.7400
2018/10/18 238.6500 680.0000 240.5000 240.5000 238.6500
2018/10/17 239.0000 433.0000 239.0000 239.0000 239.0000
2018/10/16 240.0000 1120.0000 239.0000 240.0000 239.0000
2018/10/15 236.6100 473.0000 235.0000 236.6100 235.0000
2018/10/12 236.2900 1178.0000 240.4999 240.4999 236.2900
2018/10/11 236.0500 675.0000 235.0000 236.0500 235.0000
2018/10/10 234.2000 956.0000 235.9900 237.0000 234.2000
2018/10/09 235.2000 1487.0000 242.0000 242.0000 235.2000
2018/10/08 241.7500 601.0000 245.6000 245.6000 241.7500
2018/10/05 245.1000 712.0000 245.5900 245.5900 245.1000
2018/10/04 245.2100 505.0000 245.2100 245.2100 245.2100
2018/10/03 248.5000 924.0000 255.5400 255.5400 248.5000
2018/10/02 251.3000 762.0000 244.4390 253.8000 244.4390
2018/10/01 257.7000 1385.0000 238.1000 257.7000 238.1000
2018/09/28 241.0000 986.0000 239.2000 241.0000 238.0000
2018/09/27 240.0000 2042.0000 245.0000 245.0000 240.0000
2018/09/26 241.0000 494.0000 241.0000 241.0000 241.0000
2018/09/25 240.1000 319.0000 240.1000 240.1000 240.1000
2018/09/24 238.2700 3095.0000 241.0000 241.0000 235.9900
2018/09/21 240.6400 5770.0000 237.0000 243.3107 235.0100
2018/09/20 235.5000 680.0000 235.5000 235.5000 235.5000
2018/09/19 235.0400 543.0000 236.1600 236.1600 235.0400
2018/09/18 237.5000 1123.0000 238.0000 238.0000 237.5000
2018/09/17 235.4800 2583.0000 236.1500 236.5100 234.0000
2018/09/14 232.0000 193.0000 232.0000 232.0000 232.0000
2018/09/13 232.6200 0.0000 232.6200 232.6200 232.6200
2018/09/12 232.6200 406.0000 232.6200 232.6200 232.6200
2018/09/11 234.0200 0.0000 234.0200 234.0200 234.0200
2018/09/10 234.0200 230.0000 234.0200 234.0200 234.0200
2018/09/07 237.6000 285.0000 237.6000 237.6000 237.6000
2018/09/06 237.0000 0.0000 237.0000 237.0000 237.0000
2018/09/05 237.0000 1333.0000 239.9999 239.9999 236.9800
2018/09/04 238.0000 416.0000 238.0000 238.0000 238.0000
2018/08/31 238.4500 247.0000 238.4500 238.4500 238.4500
2018/08/30 235.0000 1197.0000 235.5800 235.5800 235.0000
2018/08/29 238.0000 0.0000 238.0000 238.0000 238.0000
2018/08/28 238.0000 436.0000 238.0000 238.0000 238.0000
2018/08/27 234.1500 456.0000 234.1500 234.1500 234.1500
2018/08/24 239.2000 3044.0000 234.5000 242.0000 234.4000
2018/08/23 232.8600 585.0000 232.1000 232.8600 232.1000
2018/08/22 232.0000 634.0000 230.8000 232.0000 230.8000
2018/08/21 231.7000 316.0000 231.7000 231.7000 231.7000
2018/08/20 234.3300 615.0000 234.8512 234.8512 232.8750
2018/08/17 230.8500 702.0000 231.8800 231.8800 230.8500
2018/08/16 232.7900 457.0000 232.7900 232.7900 232.7900
2018/08/15 233.8800 0.0000 233.8800 233.8800 233.8800
2018/08/14 233.8800 401.0000 233.8800 233.8800 233.8800
2018/08/13 230.8100 760.0000 229.7000 230.8100 229.7000
2018/08/10 232.6900 671.0000 232.0100 232.6900 230.5000
2018/08/09 232.6000 1282.0000 236.7500 237.1113 232.6000
2018/08/08 240.0000 3698.0000 242.3100 246.7500 239.9900
2018/08/07 239.0000 2313.0000 235.0000 242.0000 235.0000
2018/08/06 234.0000 1345.0000 237.0900 237.0900 234.0000
2018/08/03 238.0000 0.0000 238.0000 238.0000 238.0000
2018/08/02 238.0000 953.0000 238.0000 238.0000 238.0000
2018/08/01 238.0000 7319.0000 236.0000 243.0000 235.5000
2018/07/31 234.7800 2875.0000 232.0000 234.7800 231.0000
2018/07/30 232.4000 349.0000 230.6000 232.4000 230.6000
2018/07/27 231.2200 522.0000 231.2200 231.2200 231.2200
2018/07/26 230.6180 273.0000 230.6180 230.6180 230.6180
2018/07/25 234.4900 0.0000 234.4900 234.4900 234.4900
2018/07/24 234.4900 615.0000 233.0000 234.4900 233.0000
2018/07/23 232.9900 426.0000 232.9900 232.9900 232.9900
2018/07/20 230.0001 669.0000 231.8900 231.8900 230.0001
2018/07/19 231.5100 580.0000 230.2990 231.5100 230.2990
2018/07/18 233.0000 0.0000 233.0000 233.0000 233.0000
2018/07/17 233.0000 0.0000 233.0000 233.0000 233.0000
2018/07/16 233.0000 301.0000 233.0000 233.0000 233.0000
2018/07/13 230.6000 0.0000 230.6000 230.6000 230.6000
2018/07/12 230.6000 372.0000 230.6000 230.6000 230.6000
2018/07/11 239.2100 586.0000 236.0000 239.2100 236.0000
2018/07/10 236.0100 1129.0000 239.2000 239.2000 236.0001
2018/07/09 241.4500 3987.0000 230.0000 241.4500 229.9400
2018/07/06 231.4900 1660.0000 234.9999 234.9999 226.2350
2018/07/05 239.5000 2764.0000 240.0000 243.9700 235.0000
2018/07/03 233.9700 0.0000 233.9700 233.9700 233.9700
2018/07/02 233.9700 667.0000 225.0100 233.9700 225.0100
2018/06/29 230.2000 1192.0000 229.0000 230.2000 229.0000
2018/06/28 230.0000 3304.0000 230.6900 230.6900 228.4000
2018/06/27 234.0000 572.0000 235.0000 235.0000 234.0000
2018/06/26 238.6000 481.0000 238.6000 238.6000 238.6000
2018/06/25 237.0000 982.0000 237.0000 237.0000 235.0000
2018/06/22 241.0600 8211.0000 238.0000 247.4000 232.0000
2018/06/21 239.6000 3891.0000 240.2500 244.0100 238.5000
2018/06/20 244.9200 2308.0000 240.6000 244.9200 240.6000
2018/06/19 230.0000 684.0000 229.9999 230.0000 229.9999
2018/06/18 230.0000 1575.0000 230.0000 230.0000 228.0000
2018/06/15 231.3900 2476.0000 226.8200 231.3900 226.8200
2018/06/14 229.9000 628.0000 226.4800 229.9000 226.4800
2018/06/13 228.8400 0.0000 228.8400 228.8400 228.8400
2018/06/12 228.8400 363.0000 228.8400 228.8400 228.8400
2018/06/11 229.0000 536.0000 227.7500 229.0000 227.7500
2018/06/08 227.4900 316.0000 227.4900 227.4900 227.4900
2018/06/07 230.0000 959.0000 230.0000 230.0000 230.0000
2018/06/06 230.9000 913.0000 232.0000 232.0000 230.9000
2018/06/05 231.9900 627.0000 223.0090 231.9900 223.0090
2018/06/04 229.3800 933.0000 232.0000 232.0000 229.3800
2018/06/01 229.0000 445.0000 229.0000 229.0000 229.0000
2018/05/31 226.0000 534.0000 226.0000 226.0000 226.0000
2018/05/30 226.8500 1006.0000 227.0000 227.0000 226.8500
2018/05/29 223.0090 293.0000 223.0090 223.0090 223.0090
2018/05/25 227.0000 800.0000 227.0000 229.0000 227.0000
2018/05/24 228.0000 0.0000 228.0000 228.0000 228.0000
2018/05/23 228.0000 375.0000 228.0000 228.0000 228.0000
2018/05/22 226.0100 281.0000 226.0100 226.0100 226.0100
2018/05/21 225.0100 618.0000 225.0100 225.0100 225.0100
2018/05/18 228.2000 778.0000 232.0000 232.0000 228.2000
2018/05/17 232.0000 439.0000 233.0000 233.0000 232.0000
2018/05/16 228.3200 2137.0000 228.5800 248.4200 228.0000
2018/05/15 228.1500 676.0000 226.4200 228.1500 226.4200
2018/05/14 222.5100 489.0000 222.5100 222.5100 222.5100
2018/05/11 235.0000 0.0000 235.0000 235.0000 235.0000
2018/05/10 235.0000 729.0000 232.0000 235.0000 232.0000
2018/05/09 228.3200 606.0000 226.2000 228.3200 226.2000
2018/05/08 225.0000 0.0000 225.0000 225.0000 225.0000
2018/05/07 225.0000 627.0000 225.0000 225.0000 225.0000
2018/05/04 225.3980 225.0000 225.3980 225.3980 225.3980
2018/05/03 232.7800 0.0000 232.7800 232.7800 232.7800
2018/05/02 232.7800 218.0000 232.7800 232.7800 232.7800
2018/05/01 226.5500 0.0000 226.5500 226.5500 226.5500
2018/04/30 226.5500 597.0000 226.5500 226.5500 226.5500
2018/04/27 232.3100 0.0000 232.3100 232.3100 232.3100
2018/04/26 232.3100 617.0000 228.0000 234.0000 228.0000
2018/04/25 232.5900 0.0000 232.5900 232.5900 232.5900
2018/04/24 232.5900 0.0000 232.5900 232.5900 232.5900
2018/04/23 232.5900 663.0000 229.3400 232.5900 229.3400
2018/04/20 226.2500 943.0000 224.4100 226.2500 224.4100
2018/04/19 227.5100 0.0000 227.5100 227.5100 227.5100
2018/04/18 227.5100 0.0000 227.5100 227.5100 227.5100
2018/04/17 227.5100 634.0000 227.5000 227.5100 227.5000
2018/04/16 227.9000 1395.0000 226.0000 227.9000 222.0100
2018/04/13 225.4000 1251.0000 224.0100 225.4000 224.0100
2018/04/12 223.4000 1526.0000 226.0000 226.0000 223.4000
2018/04/11 226.8400 3194.0000 224.6000 227.4400 224.6000
2018/04/10 224.3000 301.0000 224.3000 224.3000 224.3000
2018/04/09 221.0360 786.0000 224.0000 224.0000 221.0360
2018/04/06 224.0000 483.0000 226.0200 226.0200 224.0000
2018/04/05 228.6200 2814.0000 225.6200 230.0000 225.6200
2018/04/04 224.7600 1921.0000 223.5300 224.7600 223.5300
2018/04/03 226.0500 982.0000 226.0000 229.2900 225.9700
2018/04/02 226.8800 2451.0000 229.9900 229.9900 224.0000
2018/03/29 228.4900 1022.0000 229.9899 229.9899 228.4900
2018/03/28 227.0000 783.0000 229.9700 229.9700 227.0000
2018/03/27 227.4000 581.0000 226.3000 227.4000 224.0000
2018/03/26 228.7700 2396.0000 227.5000 228.9800 225.4990
2018/03/23 223.5300 1207.0000 229.0000 229.0000 223.5300
2018/03/22 227.6600 1104.0000 227.6600 227.6600 227.6600
2018/03/21 229.9600 0.0000 229.9600 229.9600 229.9600
2018/03/20 229.9600 801.0000 227.8300 229.9600 227.8300
2018/03/19 225.6000 392.0000 225.6000 225.6000 225.6000
2018/03/16 230.9000 3571.0000 229.7000 230.9000 229.7000
2018/03/15 230.0000 1100.0000 229.9000 230.0000 229.9000
2018/03/14 230.0000 2943.0000 230.0000 230.0000 230.0000
2018/03/13 230.0000 1434.0000 234.5000 234.5000 230.0000
2018/03/12 234.7000 1169.0000 233.7130 234.7000 233.0700
2018/03/09 231.4200 3510.0000 232.4840 234.0000 227.0000
2018/03/08 226.0000 0.0000 226.0000 226.0000 226.0000
2018/03/07 226.0000 495.0000 226.0000 226.0000 226.0000
2018/03/06 228.6000 1106.0000 230.0900 230.0900 225.5100
2018/03/05 227.6800 0.0000 227.6800 227.6800 227.6800
2018/03/02 227.6800 745.0000 230.0000 230.0000 227.6800
2018/03/01 228.0000 545.0000 226.0100 228.0000 226.0100
2018/02/28 227.0100 970.0000 230.0000 230.0000 227.0100
2018/02/27 228.6250 372.0000 228.6250 228.6250 228.6250
2018/02/26 229.4400 368.0000 229.4400 229.4400 229.4400
2018/02/23 232.0000 614.0000 232.5600 232.5600 232.0000
2018/02/22 227.7800 415.0000 227.7800 227.7800 227.7800
2018/02/21 227.9400 1951.0000 225.0000 227.9400 224.0000
2018/02/20 224.5000 4986.0000 222.9200 224.5000 220.2300
2018/02/16 223.5000 723.0000 222.2280 223.5000 222.2280
2018/02/15 226.2000 1180.0000 221.0000 226.2000 221.0000
2018/02/14 220.2000 525.0000 220.2000 220.2000 220.2000
2018/02/13 219.0000 0.0000 219.0000 219.0000 219.0000
2018/02/12 219.0000 1339.0000 223.5700 223.5700 214.0460
2018/02/09 219.9000 3701.0000 218.0000 222.0000 213.8494
2018/02/08 218.2800 866.0000 220.7000 220.7000 218.2800
2018/02/07 225.0000 1170.0000 228.1200 228.1200 225.0000
2018/02/06 230.6500 723.0000 230.6500 230.6500 230.6500
2018/02/05 227.0000 816.0000 227.0000 227.0000 227.0000
2018/02/02 230.0600 433.0000 232.6200 232.6200 230.0600
2018/02/01 234.0000 2118.0000 232.8000 234.0100 232.8000
2018/01/31 228.7000 682.0000 228.7000 228.7000 228.7000
2018/01/30 228.7000 526.0000 228.7000 228.7000 228.7000
2018/01/29 233.8000 783.0000 233.8000 233.8000 233.8000
2018/01/26 231.0000 1625.0000 227.6400 231.0000 227.6400
2018/01/25 225.4100 392.0000 233.0000 233.0000 225.4100
2018/01/24 230.0000 1564.0000 232.2200 232.2200 230.0000
2018/01/23 231.4990 0.0000 231.4990 231.4990 231.4990
2018/01/22 231.4990 496.0000 231.4990 231.4990 231.4990
2018/01/19 234.9500 724.0000 236.0200 236.0200 234.9500
2018/01/18 236.6099 773.0000 236.6099 236.6099 236.6099
2018/01/17 239.6000 576.0000 233.9040 239.6000 233.9040
2018/01/16 242.0000 0.0000 242.0000 242.0000 242.0000
2018/01/12 242.0000 1487.0000 239.5000 242.0000 236.0000
2018/01/11 238.3900 850.0000 230.4699 238.3900 230.4699
2018/01/10 231.4000 991.0000 231.4000 231.4000 231.4000
2018/01/09 228.0200 1433.0000 239.0400 246.2100 228.0200
2018/01/08 236.0000 744.0000 233.0000 239.9000 233.0000
2018/01/05 240.0000 1887.0000 245.0000 245.0000 237.0000
2018/01/04 240.3000 2797.0000 233.9200 250.9500 233.9200
2018/01/03 233.0000 180.0000 233.0000 233.0000 233.0000
2018/01/02 229.0000 1000.0000 221.7500 229.0000 221.7500
2017/12/29 230.2200 755.0000 230.2200 230.2200 230.2200
2017/12/28 234.0000 526.0000 225.0180 234.0000 225.0180
2017/12/27 240.0000 1046.0000 235.7100 240.0000 235.2000
2017/12/26 235.1200 1238.0000 246.0000 246.0000 231.9000
2017/12/22 238.5200 684.0000 221.1200 238.5200 221.1200
2017/12/21 237.1900 3165.0000 243.2500 249.1000 236.4500
2017/12/20 230.7200 722.0000 228.0000 230.7200 228.0000
2017/12/19 228.0900 634.0000 230.0000 230.0000 228.0900
2017/12/18 230.0000 5541.0000 231.9500 231.9500 226.5000
2017/12/15 230.1900 6712.0000 233.0200 235.0000 226.9000
2017/12/14 238.0000 2028.0000 240.0300 240.0300 230.5200
2017/12/13 238.9000 534.0000 238.9000 238.9000 238.9000
2017/12/12 239.9500 1599.0000 245.0000 245.0000 239.9500
2017/12/11 238.5000 1006.0000 238.5000 238.5000 238.5000
2017/12/08 234.8000 1597.0000 243.0000 243.0000 234.8000
2017/12/07 245.0000 3033.0000 236.0000 247.0000 236.0000
2017/12/06 236.6800 687.0000 241.0000 241.9900 236.6800
2017/12/05 233.3600 1735.0000 242.4999 242.4999 233.3600
2017/12/04 239.3600 1010.0000 230.1010 239.3600 230.1010
2017/12/01 232.5414 901.0000 234.0000 234.0000 232.5414
2017/11/30 235.6300 646.0000 228.8210 235.6300 228.8210
2017/11/29 237.3200 1138.0000 239.9900 240.0000 237.3200
2017/11/28 236.0200 338.0000 236.0200 236.0200 236.0200
2017/11/27 230.0000 1770.0000 230.0000 230.0000 230.0000
2017/11/24 229.2000 0.0000 229.2000 229.2000 229.2000
2017/11/22 229.2000 606.0000 229.2000 229.2000 229.2000
2017/11/21 237.6400 859.0000 237.6400 237.6400 237.6400
2017/11/20 240.9900 778.0000 242.0000 242.0000 240.9900
2017/11/17 241.1200 615.0000 240.0800 241.1200 240.0800
2017/11/16 243.0000 1394.0000 239.6570 243.0000 239.0100
2017/11/15 240.8100 1016.0000 243.0600 243.0600 240.0001
2017/11/14 244.9000 558.0000 239.0201 244.9000 239.0201
2017/11/13 246.0000 431.0000 246.0000 246.0000 246.0000
2017/11/10 243.2000 0.0000 243.2000 243.2000 243.2000
2017/11/09 243.2000 912.0000 243.0000 243.2000 242.0000
2017/11/08 244.0000 1417.0000 242.0000 246.2600 242.0000
2017/11/07 237.1200 2213.0000 241.0000 243.0000 237.1200
2017/11/06 237.4000 6920.0000 247.6900 250.0300 236.0000
2017/11/03 246.2100 4503.0000 249.0000 249.0000 240.0000
2017/11/02 244.6100 584.0000 244.7000 244.7000 244.6100
2017/11/01 244.6500 12028.0000 235.0000 247.9500 235.0000
2017/10/31 232.1000 4263.0000 237.0300 245.0000 232.0100
2017/10/30 235.8000 2500.0000 241.7200 241.7200 232.1600
2017/10/27 236.0000 6783.0000 246.4000 246.4000 233.5000
2017/10/26 237.0000 8563.0000 230.3000 248.0000 230.3000
2017/10/25 230.7000 4126.0000 228.0000 231.8500 223.6500
2017/10/24 230.2600 691.0000 230.2600 230.2600 230.2600
2017/10/23 230.2500 3672.0000 235.0000 235.0000 225.0000
2017/10/20 240.1800 1143.0000 228.5100 240.1800 228.1590
2017/10/19 226.2200 687.0000 224.0000 226.2200 224.0000
2017/10/18 228.3300 559.0000 217.6701 233.7700 217.6701
2017/10/17 232.0000 814.0000 230.9900 232.0000 230.9900
2017/10/16 230.4100 0.0000 230.4100 230.4100 230.4100
2017/10/13 230.4100 1048.0000 231.9200 231.9200 230.4100
2017/10/12 230.9000 1329.0000 230.9900 230.9900 230.9000
2017/10/11 219.4000 860.0000 229.4100 229.4100 219.4000
2017/10/10 229.9900 734.0000 222.6100 230.0000 222.6100
2017/10/09 229.8600 787.0000 229.9900 230.0000 229.8600
2017/10/06 226.6800 422.0000 226.6800 226.6800 226.6800
2017/10/05 224.6700 742.0000 224.6700 224.6700 224.6700
2017/10/04 229.5900 534.0000 229.5900 229.5900 229.5900
2017/10/03 228.1100 3026.0000 229.0000 233.1250 228.0000
2017/10/02 228.3200 3781.0000 224.6500 230.7500 224.6500
2017/09/29 218.6100 950.0000 216.0780 220.0000 216.0780
2017/09/28 219.0200 1239.0000 219.9999 219.9999 219.0200
2017/09/27 218.8400 10956.0000 218.1900 240.0300 217.0000
2017/09/26 220.9100 1924.0000 224.3500 224.3500 217.0000
2017/09/25 220.2500 1467.0000 222.0000 222.0000 219.1200
2017/09/22 220.0000 1063.0000 218.2600 220.0000 217.6600
2017/09/21 217.6300 1104.0000 220.7500 220.7500 217.6300
2017/09/20 220.0000 3645.0000 224.6300 224.6300 216.8500
2017/09/19 227.8000 4408.0000 238.0000 238.0000 221.0000
2017/09/18 233.1200 4099.0000 235.0400 237.0000 231.6000
2017/09/15 227.2500 3082.0000 217.9000 227.2500 217.9000
2017/09/14 217.0000 1974.0000 221.6500 224.2100 216.7500
2017/09/13 213.5300 1094.0000 213.7700 214.3300 213.5300
2017/09/12 215.3000 1217.0000 211.0000 215.7600 211.0000
2017/09/11 212.6400 840.0000 212.6400 212.6400 212.6400
2017/09/08 210.6200 0.0000 210.6200 210.6200 210.6200
2017/09/07 210.6200 0.0000 210.6200 210.6200 210.6200
2017/09/06 210.6200 950.0000 202.7800 210.6200 202.7800
2017/09/05 206.3000 593.0000 202.2180 206.3000 202.2180
2017/09/01 209.9000 0.0000 209.9000 209.9000 209.9000
2017/08/31 209.9000 1728.0000 207.6300 209.9000 207.6300
2017/08/30 207.1100 401.0000 207.1100 207.1100 207.1100
2017/08/29 210.6000 491.0000 210.6000 210.6000 210.6000
2017/08/28 210.5200 562.0000 206.6450 210.5200 206.5500
2017/08/25 212.0000 1038.0000 208.0050 212.0000 206.0000
2017/08/24 209.8600 766.0000 210.0000 210.0000 209.8600
2017/08/23 210.0000 5431.0000 210.0000 210.0000 208.0000
2017/08/22 209.7600 1291.0000 210.0000 210.0000 207.0000
2017/08/21 215.8000 558.0000 215.8000 215.8000 215.8000
2017/08/18 205.7000 1342.0000 203.2500 205.7000 203.2500
2017/08/17 205.6500 1637.0000 206.2600 207.4100 201.9450
2017/08/16 205.1000 798.0000 205.1000 205.1000 205.1000
2017/08/15 210.4500 1260.0000 207.8800 210.4500 207.8700
2017/08/14 206.4800 1402.0000 205.9680 207.1000 205.9680
2017/08/11 209.3500 1760.0000 203.5700 211.9000 202.8360
2017/08/10 203.1000 916.0000 205.0000 205.0000 203.1000
2017/08/09 204.2400 9529.0000 205.0000 205.0000 202.3450
2017/08/08 204.3900 1512.0000 204.3900 204.3900 204.3900
2017/08/07 202.8200 524.0000 201.0000 202.8200 201.0000
2017/08/04 204.0900 3298.0000 199.0000 205.0000 199.0000
2017/08/03 200.6300 6956.0000 204.0000 204.0000 195.0000
2017/08/02 202.6200 1523.0000 205.0000 205.0000 202.6200
2017/08/01 204.2500 997.0000 206.5000 206.5000 204.2500
2017/07/31 204.8000 2976.0000 207.6600 207.6600 204.8000
2017/07/28 207.3100 805.0000 207.3100 207.3100 207.3100
2017/07/27 206.8000 1406.0000 208.0000 209.0000 206.8000
2017/07/26 207.8900 3004.0000 210.0000 210.0000 207.8900
2017/07/25 211.9000 4184.0000 210.7300 214.4000 208.2500
2017/07/24 210.2000 324.0000 210.2000 210.2000 210.2000
2017/07/21 208.6300 3339.0000 210.0000 210.0000 208.6300
2017/07/20 212.2600 506.0000 212.2600 212.2600 212.2600
2017/07/19 208.0000 1219.0000 206.2100 208.0000 206.2100
2017/07/18 210.0000 1635.0000 206.4000 210.0000 205.4100
2017/07/17 208.6000 1434.0000 208.8600 211.0000 208.6000
2017/07/14 205.7200 732.0000 209.0000 209.0000 202.8100
2017/07/13 206.0000 0.0000 206.0000 206.0000 206.0000
2017/07/12 206.0000 357.0000 206.0000 206.0000 206.0000
2017/07/11 204.4800 714.0000 204.7900 204.7900 204.4800
2017/07/10 207.1000 362.0000 207.1000 207.1000 207.1000
2017/07/07 208.3000 508.0000 208.3000 208.3000 208.3000
2017/07/06 205.1000 1162.0000 206.0200 206.0200 205.1000
2017/07/05 207.8500 1300.0000 207.5000 208.4500 206.0999
2017/07/03 207.1700 596.0000 207.1700 207.1700 207.1700
2017/06/30 209.9400 0.0000 209.9400 209.9400 209.9400
2017/06/29 209.9400 4433.0000 204.0300 209.9400 203.0000
2017/06/28 207.2100 651.0000 207.2100 207.2100 207.2100
2017/06/27 209.9999 0.0000 209.9999 209.9999 209.9999
2017/06/26 209.9999 2333.0000 209.9000 209.9999 203.6000
2017/06/23 209.9900 26502.0000 210.0000 210.0000 209.9900
2017/06/22 210.7000 550.0000 210.7000 210.7000 210.7000
2017/06/21 209.3400 395.0000 209.3400 209.3400 209.3400
2017/06/20 208.7900 513.0000 208.7900 208.7900 208.7900
2017/06/19 209.9900 2322.0000 210.0000 210.0000 209.4900
2017/06/16 213.7900 2898.0000 209.2000 213.7900 206.9490
2017/06/15 211.0000 1761.0000 210.0000 211.9600 210.0000
2017/06/14 211.8200 1029.0000 210.3650 213.3200 210.3650
2017/06/13 210.0000 6620.0000 210.0000 210.0000 209.7900
2017/06/12 209.2000 9028.0000 210.2300 210.3500 207.7700
2017/06/09 213.8300 1677.0000 211.1000 213.8300 211.1000
2017/06/08 214.9800 15481.0000 215.2600 215.2600 210.5500
2017/06/07 215.8000 601.0000 215.8000 215.8000 215.8000
2017/06/06 213.0000 894.0000 211.9900 213.0000 211.9900
2017/06/05 213.5000 1653.0000 212.0000 213.5000 211.0000
2017/06/02 213.7000 1073.0000 213.7000 213.7000 213.7000
2017/06/01 211.9500 1812.0000 211.5000 211.9500 210.0300
2017/05/31 210.3000 1598.0000 210.0000 210.3000 208.1500
2017/05/30 209.4000 4509.0000 210.0000 211.4000 209.4000
2017/05/26 211.4000 1806.0000 212.4500 212.4500 210.0100
2017/05/25 212.3300 2405.0000 212.0000 212.4500 210.0000
2017/05/24 210.0000 1778.0000 212.3000 212.3000 210.0000
2017/05/23 212.4300 5781.0000 210.0000 214.5100 210.0000
2017/05/22 209.7000 3993.0000 211.6400 211.6400 209.0000
2017/05/19 211.7900 1423.0000 212.9400 212.9400 210.0000
2017/05/18 211.9900 938.0000 211.9900 211.9900 211.9900
2017/05/17 210.1500 913.0000 210.1500 210.1500 210.1500
2017/05/16 209.0090 628.0000 212.7300 212.7300 209.0090
2017/05/15 213.7200 1033.0000 211.0580 213.7200 210.0000
2017/05/12 208.4500 1893.0000 210.0000 210.0000 208.4500
2017/05/11 212.0000 0.0000 212.0000 212.0000 212.0000
2017/05/10 212.0000 803.0000 212.0000 212.0000 212.0000
2017/05/09 209.2500 1079.0000 209.0010 209.2500 209.0000
2017/05/08 208.9500 1993.0000 210.0000 210.0500 207.0100
2017/05/05 210.2500 2977.0000 214.6000 214.6000 208.0500
2017/05/04 208.1000 0.0000 208.1000 208.1000 208.1000
2017/05/03 208.1000 872.0000 208.1000 208.1000 208.1000
2017/05/02 207.8000 1229.0000 206.5390 207.8000 206.5390
2017/05/01 208.4900 1925.0000 208.6700 208.6700 205.3100
2017/04/28 209.0200 3822.0000 212.9650 212.9650 206.0800
2017/04/27 215.8700 2895.0000 217.9600 223.5500 215.8700
2017/04/26 218.4000 4054.0000 214.1100 220.0000 214.1100
2017/04/25 212.4200 2372.0000 210.8000 215.9900 210.8000
2017/04/24 214.0000 7183.0000 212.0000 214.4300 209.9900
2017/04/21 211.8500 2603.0000 209.1200 212.3300 208.9800
2017/04/20 207.9400 763.0000 207.9400 207.9400 207.9400
2017/04/19 207.0000 907.0000 207.5000 207.5000 207.0000
2017/04/18 207.0000 1571.0000 205.6700 207.0000 205.6700
2017/04/17 207.0000 10020.0000 203.0000 207.0000 202.9800
2017/04/13 206.1600 1414.0000 206.5000 206.5000 206.1000
2017/04/12 207.5000 0.0000 207.5000 207.5000 207.5000
2017/04/11 207.5000 746.0000 206.9850 207.5000 206.9850
2017/04/10 206.9400 1512.0000 209.9500 209.9500 203.7040
2017/04/07 208.0000 2194.0000 208.0000 208.0000 206.0000
2017/04/06 207.0500 2904.0000 208.0000 211.1400 205.5100
2017/04/05 208.4900 914.0000 208.4900 208.4900 208.4900
2017/04/04 208.7500 918.0000 207.0000 208.7500 207.0000
2017/04/03 207.7800 2181.0000 211.8000 211.8000 206.6500
2017/03/31 214.2900 650.0000 214.2900 214.2900 214.2900
2017/03/30 214.5700 3725.0000 210.0100 216.2000 210.0000
2017/03/29 213.3500 1386.0000 210.5150 213.3500 210.2300
2017/03/28 210.0100 807.0000 212.8100 212.8100 210.0100
2017/03/27 209.4800 816.0000 206.4499 209.4800 206.4499
2017/03/24 202.7990 668.0000 210.0000 210.0000 202.7990
2017/03/23 204.8500 1100.0000 205.3399 205.3399 204.8500
2017/03/22 201.0100 1268.0000 205.2199 205.2199 201.0100
2017/03/21 205.4500 1451.0000 206.3900 206.3900 205.4400
2017/03/20 205.3200 1479.0000 204.0630 207.2000 204.0630
2017/03/17 206.4200 3674.0000 204.2000 206.4200 204.1100
2017/03/16 204.1000 999.0000 204.1000 204.1000 204.1000
2017/03/15 207.7400 2431.0000 209.8700 210.0000 205.2000
2017/03/14 208.0800 1890.0000 203.6560 211.7500 203.6560
2017/03/13 210.6700 4389.0000 205.5000 210.6700 204.0000
2017/03/10 204.2200 2710.0000 205.0500 205.0500 203.0500
2017/03/09 202.7000 3950.0000 208.1999 208.5499 202.0200
2017/03/08 205.0500 237.0000 205.0500 205.0500 205.0500
2017/03/07 206.0400 3046.0000 206.0000 207.2499 204.1400
2017/03/06 206.8700 2269.0000 207.0000 208.8000 206.7400
2017/03/03 208.1900 1233.0000 205.6575 209.6500 205.6575
2017/03/02 211.9000 0.0000 211.9000 211.9000 211.9000
2017/03/01 211.9000 7821.0000 207.5300 211.9000 204.0000
2017/02/28 208.8000 8349.0000 214.0000 214.0000 207.3000
2017/02/27 213.5600 4388.0000 215.0000 216.8800 210.4000
2017/02/24 214.0000 2171.0000 215.9455 215.9455 212.1580
2017/02/23 213.3100 5721.0000 216.9800 218.6500 210.0000
2017/02/22 211.8000 3674.0000 212.6000 212.6000 209.1575
2017/02/21 212.3000 2805.0000 210.0000 213.5325 210.0000
2017/02/17 209.9800 13589.0000 218.8900 233.4500 209.9800
2017/02/16 217.4000 3138.0000 213.0000 220.8800 213.0000
2017/02/15 213.3800 894.0000 209.9900 213.3800 209.9900
2017/02/14 212.0000 3313.0000 205.0000 212.9500 205.0000
2017/02/13 213.9000 1915.0000 212.8800 213.9992 210.0000
2017/02/10 210.7800 1144.0000 210.3600 212.9000 210.3600
2017/02/09 212.6800 2229.0000 213.8700 214.2000 211.2200
2017/02/08 216.8000 380.0000 216.8000 216.8000 216.8000
2017/02/07 217.0000 1141.0000 217.7800 218.1200 217.0000
2017/02/06 217.0000 1162.0000 217.0000 217.0000 217.0000
2017/02/03 217.7800 4353.0000 216.2500 223.0000 214.2500
2017/02/02 222.1300 3274.0000 224.8700 225.0000 220.5000
2017/02/01 221.0000 2648.0000 216.9600 223.2500 216.9600
2017/01/31 216.4000 1238.0000 211.8700 218.9900 211.8700
2017/01/30 215.6100 788.0000 220.0000 220.0000 215.6100
2017/01/27 219.8500 776.0000 221.0300 221.0300 219.8500
2017/01/26 221.4200 2028.0000 222.6000 222.6000 221.0000
2017/01/25 221.8300 2578.0000 222.0000 225.0000 219.0300
2017/01/24 218.7000 2926.0000 218.4700 218.7000 216.5400
2017/01/23 217.7100 4056.0000 222.2000 223.0000 215.8700
2017/01/20 221.8000 3906.0000 224.2000 224.7000 219.9500
2017/01/19 222.4000 1320.0000 224.9900 226.7603 222.0300
2017/01/18 225.7000 1786.0000 226.9400 226.9400 224.0800
2017/01/17 227.8000 2518.0000 231.0000 231.0000 227.8000
2017/01/13 229.2000 935.0000 230.0000 230.0000 228.0000
2017/01/12 227.1000 2678.0000 230.9900 232.3000 227.1000
2017/01/11 230.2100 3307.0000 230.0100 235.0000 230.0000
2017/01/10 231.9800 1691.0000 232.0000 232.6500 230.8700
2017/01/09 227.0100 5766.0000 228.9500 230.0000 227.0000
2017/01/06 229.0000 9770.0000 230.0150 230.5000 228.0000
2017/01/05 233.7700 5423.0000 247.6000 247.6000 232.0000
2017/01/04 248.6700 2854.0000 250.6910 252.0000 247.1300
2017/01/03 253.9000 2362.0000 241.8000 253.9000 241.8000