date close volume open high low
2018/12/31 4.8900 252716.0000 5.0600 5.2400 4.8300
2018/12/28 5.0200 177153.0000 4.9300 5.0500 4.8200
2018/12/27 4.9100 252645.0000 4.5900 4.9200 4.5100
2018/12/26 4.6000 264592.0000 4.6300 4.8600 4.4350
2018/12/24 4.6000 173619.0000 4.0600 4.6900 4.0300
2018/12/21 4.2900 567561.0000 4.6000 4.6000 4.2100
2018/12/20 4.5900 243868.0000 4.6200 4.8400 4.5304
2018/12/19 4.7600 218626.0000 4.9700 5.1650 4.7050
2018/12/18 4.9700 215317.0000 5.0100 5.2200 4.9200
2018/12/17 5.0100 282508.0000 5.2300 5.3200 4.9600
2018/12/14 5.1500 213174.0000 5.4300 5.5000 5.1400
2018/12/13 5.5100 144927.0000 5.7400 5.9100 5.4500
2018/12/12 5.7200 126329.0000 5.8300 6.0000 5.6500
2018/12/11 5.7200 92493.0000 5.8500 5.8913 5.5600
2018/12/10 5.7600 132352.0000 5.6500 5.7700 5.4900
2018/12/07 5.6400 212900.0000 5.9500 6.1300 5.5800
2018/12/06 5.9700 183491.0000 6.0200 6.1500 5.8400
2018/12/04 6.0200 173501.0000 6.2800 6.4000 6.0000
2018/12/03 6.3000 126293.0000 6.3800 6.4000 6.1500
2018/11/30 6.3000 191802.0000 6.0900 6.3500 6.0900
2018/11/29 6.0900 166399.0000 6.3500 6.4800 6.0600
2018/11/28 6.3400 257261.0000 6.0200 6.4300 5.8200
2018/11/27 6.0500 167489.0000 6.1600 6.1600 6.0200
2018/11/26 6.2200 119866.0000 6.2300 6.4100 6.1300
2018/11/23 6.1800 87460.0000 6.3300 6.5300 6.1300
2018/11/21 6.4500 84279.0000 6.2000 6.5400 6.1300
2018/11/20 6.1000 210602.0000 6.1800 6.3600 6.0100
2018/11/19 6.2700 285439.0000 6.6000 6.6200 6.2100
2018/11/16 6.6200 120704.0000 6.5800 6.8200 6.3700
2018/11/15 6.6100 131664.0000 6.3600 6.6200 6.2000
2018/11/14 6.3400 296197.0000 6.6400 6.7400 6.1294
2018/11/13 6.5600 210828.0000 6.4700 6.8650 6.4700
2018/11/12 6.4700 461767.0000 7.1400 7.3800 6.3900
2018/11/09 7.2000 200214.0000 7.5500 7.5500 7.1100
2018/11/08 7.6500 148815.0000 7.2000 8.1100 7.2000
2018/11/07 7.6100 119281.0000 7.6000 7.7200 7.3600
2018/11/06 7.5000 363119.0000 7.4100 7.6800 7.2905
2018/11/05 7.4600 147628.0000 7.6600 7.7522 7.2200
2018/11/02 7.6000 251133.0000 7.7900 8.0696 7.4050
2018/11/01 7.7800 408312.0000 7.3000 7.9200 7.2300
2018/10/31 7.2500 222373.0000 7.5800 7.6500 7.1600
2018/10/30 7.4500 215201.0000 7.6500 7.8500 7.2800
2018/10/29 7.6500 298859.0000 8.0800 8.3100 7.5350
2018/10/26 7.9300 299154.0000 8.3000 8.4098 7.8200
2018/10/25 8.4500 209209.0000 8.1300 8.5599 8.1200
2018/10/24 8.2000 287598.0000 9.1000 9.2100 8.1000
2018/10/23 9.1300 198128.0000 8.7500 9.2700 8.6200
2018/10/22 8.9800 287128.0000 9.2300 9.2300 8.9105
2018/10/19 9.2300 817121.0000 9.5400 9.7991 9.1800
2018/10/18 9.5400 306974.0000 9.8100 9.9100 9.5200
2018/10/17 9.8600 465041.0000 9.7100 10.0394 9.5500
2018/10/16 9.9400 1225589.0000 9.0000 10.2100 8.9305
2018/10/15 8.9600 587560.0000 8.5600 9.0100 8.4700
2018/10/12 8.5600 1083801.0000 8.2200 8.9407 8.1900
2018/10/11 8.0600 700915.0000 8.1100 8.5631 8.0400
2018/10/10 8.2500 779067.0000 8.4900 8.6000 8.2500
2018/10/09 8.3500 614015.0000 8.2700 8.4800 8.0800
2018/10/08 8.3000 1181569.0000 8.2500 8.4890 8.0510
2018/10/05 7.7300 478930.0000 7.8900 8.0000 7.6000
2018/10/04 7.9050 573454.0000 7.9000 8.1800 7.8600
2018/10/03 7.8400 2939886.0000 7.8100 8.0000 7.6400
2018/10/02 9.2800 184796.0000 9.5900 9.7000 9.2400
2018/10/01 9.6300 235845.0000 9.8800 10.2000 9.4300
2018/09/28 9.8700 252822.0000 10.0000 10.5200 9.7200
2018/09/27 9.9500 208547.0000 9.6200 10.3800 9.6200
2018/09/26 9.5400 338139.0000 10.4200 10.4200 9.4700
2018/09/25 10.3800 167296.0000 10.8400 10.8440 10.3700
2018/09/24 10.8500 90926.0000 10.7100 11.0100 10.7100
2018/09/21 10.7500 292810.0000 10.9600 11.0915 10.6300
2018/09/20 10.9600 141107.0000 10.7400 11.0500 10.7400
2018/09/19 10.7000 115496.0000 10.6800 10.9400 10.5000
2018/09/18 10.7200 144895.0000 10.6400 10.8000 10.3400
2018/09/17 10.6800 120221.0000 11.0800 11.1700 10.6500
2018/09/14 11.1200 114310.0000 11.2600 11.4000 11.0700
2018/09/13 11.2900 200969.0000 10.9600 11.3700 10.8500
2018/09/12 10.8500 236106.0000 10.9800 11.1000 10.6100
2018/09/11 10.9800 207937.0000 11.2700 11.2700 10.8462
2018/09/10 11.2700 146443.0000 11.3900 11.4800 11.1300
2018/09/07 11.3400 225693.0000 11.2500 11.4900 11.0200
2018/09/06 11.3100 634384.0000 12.3500 12.5150 11.0600
2018/09/05 12.6400 174781.0000 13.2200 13.3900 12.5600
2018/09/04 13.1800 168115.0000 13.5100 13.5100 13.1000
2018/08/31 13.5100 128096.0000 13.3200 13.7450 13.3200
2018/08/30 13.4000 223930.0000 12.9300 13.5600 12.7400
2018/08/29 12.9300 252156.0000 12.8200 13.0800 12.4700
2018/08/28 12.9000 148546.0000 12.8600 12.9750 12.6650
2018/08/27 12.9200 418229.0000 12.9200 13.0500 12.3162
2018/08/24 12.8300 613326.0000 12.9000 13.4600 12.6600
2018/08/23 12.5100 1164719.0000 13.4500 13.9999 12.2800
2018/08/22 13.4800 630720.0000 13.9900 14.4490 13.3100
2018/08/21 13.8700 668821.0000 12.6800 14.1399 12.6800
2018/08/20 12.7300 319748.0000 12.1700 12.8800 12.1400
2018/08/17 12.1400 226066.0000 12.4900 12.6199 11.9100
2018/08/16 12.4600 291512.0000 11.7000 12.5776 11.6127
2018/08/15 11.7000 358629.0000 11.8200 12.3499 11.3900
2018/08/14 11.9200 371793.0000 12.4000 12.7200 11.7500
2018/08/13 12.4000 239777.0000 12.7000 12.8050 12.1000
2018/08/10 12.6000 143349.0000 12.7500 13.0300 12.5000
2018/08/09 12.8400 324039.0000 12.3700 13.1342 12.3700
2018/08/08 12.4000 310537.0000 12.4800 12.7700 12.3700
2018/08/07 12.4800 121186.0000 12.5800 12.7100 12.3900
2018/08/06 12.5600 127735.0000 12.6500 12.8900 12.5500
2018/08/03 12.6200 77434.0000 12.8000 12.9200 12.5500
2018/08/02 12.8300 121002.0000 12.6600 12.9300 12.5000
2018/08/01 12.6500 58548.0000 12.7000 12.7000 12.4300
2018/07/31 12.6900 127716.0000 12.1800 12.7300 12.1200
2018/07/30 12.2400 105858.0000 12.2700 12.5100 12.1900
2018/07/27 12.2300 104980.0000 12.5000 12.6200 12.1500
2018/07/26 12.4600 220657.0000 12.9900 13.2100 12.4000
2018/07/25 12.9900 136184.0000 12.6600 13.1350 12.5852
2018/07/24 12.8000 231432.0000 12.7200 13.4200 12.5500
2018/07/23 12.6300 434056.0000 12.8000 13.4300 12.4200
2018/07/20 12.3100 80940.0000 12.4100 12.5400 12.2200
2018/07/19 12.4600 120308.0000 12.3200 12.6500 12.2800
2018/07/18 12.3400 134531.0000 12.5300 12.5700 12.1750
2018/07/17 12.4800 112044.0000 12.6100 12.8700 12.3957
2018/07/16 12.5800 107688.0000 12.7600 12.7600 12.3600
2018/07/13 12.6700 87378.0000 12.5600 12.7800 12.4800
2018/07/12 12.5500 84737.0000 12.9200 13.1000 12.4500
2018/07/11 12.8300 113943.0000 13.0300 13.0400 12.5000
2018/07/10 13.0400 154615.0000 13.1600 13.3900 12.8800
2018/07/09 13.1300 308646.0000 13.4100 13.4100 12.8910
2018/07/06 13.3000 293176.0000 13.1500 13.6600 13.0800
2018/07/05 13.1400 200914.0000 13.2600 13.5800 12.9100
2018/07/03 13.2000 85044.0000 13.5400 13.9300 13.1200
2018/07/02 13.4000 176691.0000 13.5000 13.7100 13.3800
2018/06/29 13.7300 95508.0000 13.8900 14.0200 13.5300
2018/06/28 13.8500 151017.0000 13.5500 14.2750 13.4300
2018/06/27 13.5200 120141.0000 13.8200 13.8200 13.4650
2018/06/26 13.8100 60122.0000 13.7400 14.1000 13.4300
2018/06/25 13.6500 109600.0000 13.8100 13.8500 13.3100
2018/06/22 13.7300 371240.0000 13.9900 14.2899 13.5000
2018/06/21 13.9400 285889.0000 13.9100 14.9500 13.8000
2018/06/20 13.9300 296693.0000 13.8000 14.5400 13.4100
2018/06/19 13.3500 221916.0000 13.6500 13.8300 13.1200
2018/06/18 13.7500 189878.0000 13.3600 13.8000 13.0300
2018/06/15 13.3000 216292.0000 13.6300 13.8200 13.0682
2018/06/14 13.7200 109725.0000 13.6700 13.8900 13.4500
2018/06/13 13.6100 73025.0000 13.7400 13.9990 13.5000
2018/06/12 13.7300 154480.0000 13.4800 14.1600 13.4700
2018/06/11 13.3800 155894.0000 13.7200 14.1478 13.2500
2018/06/08 13.7700 133107.0000 13.8900 14.8150 13.7283
2018/06/07 13.8700 262766.0000 15.2600 15.2600 13.6600
2018/06/06 15.1900 86216.0000 15.5600 16.0000 15.0500
2018/06/05 15.5000 114231.0000 15.0900 15.9017 15.0900
2018/06/04 15.1500 132096.0000 15.6900 15.6900 14.7200
2018/06/01 15.7400 105720.0000 15.2500 15.7800 14.8300
2018/05/31 15.2400 124872.0000 15.2500 15.3550 14.8100
2018/05/30 15.1500 173343.0000 14.5500 15.5600 14.5500
2018/05/29 14.4300 160033.0000 15.3900 15.3916 14.0500
2018/05/25 15.4000 85188.0000 15.0600 15.5900 15.0600
2018/05/24 15.1200 27199.0000 15.0900 15.3400 15.0200
2018/05/23 15.1600 142278.0000 14.7900 15.4100 14.7900
2018/05/22 14.7900 148536.0000 15.4600 15.6500 14.7600
2018/05/21 15.4000 193496.0000 16.5800 16.5800 15.2300
2018/05/18 16.5900 95145.0000 16.9500 17.0900 16.4100
2018/05/17 16.8100 145427.0000 16.9300 17.0000 16.4400
2018/05/16 16.9700 225980.0000 17.0800 17.3299 16.9300
2018/05/15 17.0000 73232.0000 17.3700 17.3700 16.9700
2018/05/14 17.3000 112648.0000 16.8000 17.3900 16.8000
2018/05/11 16.7200 178718.0000 16.9700 17.3000 16.6105
2018/05/10 16.9600 206049.0000 16.6900 17.2600 16.4500
2018/05/09 16.3900 82481.0000 16.2900 16.7000 16.1137
2018/05/08 16.2700 98650.0000 15.9600 16.3500 15.7500
2018/05/07 15.9500 82069.0000 15.7500 16.3300 15.5345
2018/05/04 15.7500 48946.0000 15.6700 16.2586 15.6700
2018/05/03 15.7600 72429.0000 15.7500 15.8300 15.3100
2018/05/02 15.8200 47201.0000 15.4700 16.0400 15.4700
2018/05/01 15.4900 65842.0000 15.0300 15.5300 14.6900
2018/04/30 15.0200 65169.0000 15.5500 15.8700 15.0000
2018/04/27 15.4900 110411.0000 15.9400 15.9800 15.3300
2018/04/26 15.9100 115752.0000 15.8500 16.4400 15.6201
2018/04/25 15.8300 80606.0000 15.4300 15.9700 15.2500
2018/04/24 15.4500 66742.0000 15.8400 16.0800 15.2600
2018/04/23 15.7700 59924.0000 16.0300 16.1500 15.5570
2018/04/20 16.0000 193093.0000 15.7700 16.3800 15.7100
2018/04/19 15.8200 87318.0000 15.9200 16.5600 15.6800
2018/04/18 16.0400 89027.0000 16.4600 16.7500 15.9700
2018/04/17 16.5000 176022.0000 16.6200 17.5300 16.4800
2018/04/16 16.5700 67369.0000 16.5200 16.8900 16.4700
2018/04/13 16.3900 126313.0000 16.3400 16.9500 16.2700
2018/04/12 16.3400 106326.0000 16.4600 16.9700 16.0600
2018/04/11 16.3800 155841.0000 17.0800 17.4900 16.2900
2018/04/10 17.2100 126791.0000 17.5500 17.5500 17.0800
2018/04/09 17.4900 101024.0000 16.3800 18.0700 16.3800
2018/04/06 16.4100 74303.0000 16.5300 16.6700 16.1400
2018/04/05 16.6200 211307.0000 16.1413 17.0000 16.1175
2018/04/04 16.1100 198711.0000 15.7600 16.2200 15.5100
2018/04/03 15.7400 209794.0000 15.4000 16.0600 14.8400
2018/04/02 15.4800 107054.0000 15.7700 15.8600 15.3050
2018/03/29 15.8300 140314.0000 16.2300 16.2300 15.6500
2018/03/28 16.3200 173407.0000 15.8700 16.3600 15.3101
2018/03/27 15.8800 233811.0000 14.8500 16.0500 14.8500
2018/03/26 14.7350 259131.0000 16.6600 17.1900 14.5100
2018/03/23 17.0900 105335.0000 16.9400 17.3800 16.7500
2018/03/22 16.9300 82498.0000 16.8600 17.4200 16.8100
2018/03/21 16.9600 320102.0000 17.1400 17.5550 16.8000
2018/03/20 17.1400 159374.0000 17.7600 17.7600 16.8000
2018/03/19 17.6700 192389.0000 18.0000 18.0000 17.2700
2018/03/16 18.1000 926840.0000 16.7700 18.3000 16.2500
2018/03/15 16.8000 154320.0000 16.8800 17.7800 16.5800
2018/03/14 16.8500 210442.0000 16.6500 17.0700 16.5500
2018/03/13 16.6300 254068.0000 17.4700 17.6700 16.4100
2018/03/12 17.4200 162076.0000 17.5300 17.5556 17.0600
2018/03/09 17.5200 398775.0000 17.0200 18.2100 16.3300
2018/03/08 17.0200 335209.0000 15.1300 17.3100 14.8400
2018/03/07 15.0800 216336.0000 14.9400 15.4500 14.5900
2018/03/06 15.0700 377622.0000 14.7000 15.1200 14.4650
2018/03/05 14.5600 229257.0000 14.8000 15.0300 14.3050
2018/03/02 14.8200 281763.0000 14.6000 15.0600 14.0900
2018/03/01 14.7100 432120.0000 14.0400 14.8300 13.5500
2018/02/28 14.0500 208681.0000 14.1200 14.4200 13.8400
2018/02/27 14.1100 292031.0000 14.7500 14.8800 13.6110
2018/02/26 14.7100 131597.0000 14.2800 14.8400 14.1400
2018/02/23 14.2000 105338.0000 14.1100 14.5900 13.9100
2018/02/22 14.0700 135833.0000 14.4700 14.7400 14.0100
2018/02/21 14.4800 138472.0000 14.7700 14.9500 14.4000
2018/02/20 14.8400 149026.0000 14.7400 15.0200 14.6700
2018/02/16 14.7700 75231.0000 14.9700 15.2900 14.6900
2018/02/15 15.0400 243707.0000 14.6000 15.2900 14.5100
2018/02/14 14.4300 173010.0000 14.0700 14.8400 14.0700
2018/02/13 14.3700 219012.0000 13.5500 14.5300 13.1350
2018/02/12 13.6100 370913.0000 12.7000 13.9200 12.6037
2018/02/09 12.4700 404035.0000 13.0300 13.1690 11.8600
2018/02/08 12.9400 213583.0000 12.8900 13.1100 12.6200
2018/02/07 12.8600 386861.0000 12.5600 13.1000 12.3000
2018/02/06 12.2600 577388.0000 13.4500 13.7600 12.0400
2018/02/05 13.7100 273587.0000 14.7600 15.0200 13.5650
2018/02/02 14.7100 187418.0000 14.9100 14.9700 14.5100
2018/02/01 14.9800 389535.0000 15.1700 15.3700 14.8901
2018/01/31 15.2200 791484.0000 15.1000 15.5900 14.8500
2018/01/30 14.9000 185603.0000 15.0200 15.1100 14.5300
2018/01/29 15.1100 234966.0000 15.0800 15.1500 14.8210
2018/01/26 15.0500 421555.0000 14.9700 15.4190 14.5900
2018/01/25 14.9300 433743.0000 15.4500 15.6400 14.6600
2018/01/24 14.9200 349841.0000 15.0000 15.1500 14.6200
2018/01/23 15.0500 505789.0000 14.9900 15.4900 14.8500
2018/01/22 14.9900 385156.0000 14.8500 15.2200 14.7600
2018/01/19 14.9300 441745.0000 15.4700 15.5626 14.6700
2018/01/18 15.4200 663029.0000 15.5400 16.0500 14.8500
2018/01/17 15.5000 428441.0000 16.4500 16.4500 15.2622
2018/01/16 16.4700 828899.0000 15.9400 17.9900 15.9100
2018/01/12 15.6000 386753.0000 13.8400 15.6900 13.8400
2018/01/11 13.8500 373870.0000 13.0000 13.9500 12.6150
2018/01/10 13.0000 463776.0000 12.7900 13.1502 12.1600
2018/01/09 12.9500 752737.0000 13.6000 13.6000 12.3500
2018/01/08 13.6100 1113420.0000 12.4500 13.7800 12.4500
2018/01/05 12.2550 2970629.0000 16.0000 16.0000 11.8100
2018/01/04 17.3300 150584.0000 17.8100 17.8200 17.0800
2018/01/03 17.6700 306955.0000 19.0200 19.0200 17.1300
2018/01/02 18.9800 325728.0000 18.4600 20.1700 18.3800
2017/12/29 18.4900 309936.0000 18.9700 18.9700 18.0300
2017/12/28 19.0000 261362.0000 19.0200 19.0200 18.0500
2017/12/27 19.0000 206427.0000 18.3900 19.2117 18.0350
2017/12/26 18.1700 154106.0000 17.2500 18.2900 17.2500
2017/12/22 17.2700 182271.0000 17.4000 17.8200 16.7600
2017/12/21 17.4000 190683.0000 17.1700 17.7000 16.4550
2017/12/20 17.2200 97289.0000 16.8700 17.2600 16.4300
2017/12/19 16.8000 167848.0000 17.6200 17.6645 16.7100
2017/12/18 17.4900 450197.0000 16.8000 18.3900 15.8600
2017/12/15 16.6500 666047.0000 16.3000 17.3200 15.8500
2017/12/14 16.3100 236653.0000 17.0000 17.2400 16.0600
2017/12/13 16.7400 352203.0000 18.9700 18.9700 16.3300
2017/12/12 18.0400 215125.0000 17.7700 18.7900 17.6900
2017/12/11 17.9000 315549.0000 19.2700 19.7600 17.6435
2017/12/08 19.1400 218956.0000 19.1600 19.2600 18.3007
2017/12/07 19.0200 218307.0000 17.5000 19.3100 17.3900
2017/12/06 17.5300 80536.0000 17.6800 18.5121 17.2650
2017/12/05 18.2000 197421.0000 18.0000 18.4900 16.9700
2017/12/04 18.0200 243790.0000 19.4900 20.0800 17.9500
2017/12/01 18.9000 168196.0000 19.0600 19.2850 17.6100
2017/11/30 19.1500 123551.0000 19.3900 19.5800 19.0000
2017/11/29 19.3900 154285.0000 19.7200 20.1700 18.9900
2017/11/28 19.6400 114123.0000 19.8000 20.1200 19.1000
2017/11/27 19.9500 151830.0000 20.4500 21.3700 19.6900
2017/11/24 20.4200 83237.0000 21.5700 22.1000 20.0100
2017/11/22 21.3500 189173.0000 20.7100 22.0500 20.7100
2017/11/21 20.7000 106894.0000 19.7800 20.7300 19.7800
2017/11/20 19.6000 74925.0000 18.7100 19.7000 18.6500
2017/11/17 18.7000 208242.0000 18.5600 19.2700 18.5200
2017/11/16 18.5600 106926.0000 19.3600 19.4408 18.2300
2017/11/15 19.1700 211995.0000 19.8800 20.5000 19.0500
2017/11/14 20.0700 100456.0000 19.8500 20.6250 19.2500
2017/11/13 19.9400 189872.0000 19.4500 20.6690 19.4100
2017/11/10 19.1900 209274.0000 18.4500 19.4500 17.7400
2017/11/09 18.4100 246000.0000 17.8400 18.6000 17.3800
2017/11/08 18.0300 150668.0000 18.3200 18.3200 17.4400
2017/11/07 18.2000 263065.0000 18.3200 18.4993 16.9700
2017/11/06 18.7000 300221.0000 16.3500 19.1000 16.3500
2017/11/03 16.3200 226028.0000 13.6500 16.4000 13.6500
2017/11/02 13.6800 172581.0000 15.0500 15.0500 13.5100
2017/11/01 15.0300 128260.0000 16.0400 16.3273 14.9000
2017/10/31 16.0600 115003.0000 16.2400 16.2400 15.4900
2017/10/30 15.6700 79111.0000 15.2000 15.7700 14.8100
2017/10/27 15.2000 190322.0000 15.4000 15.7544 14.7600
2017/10/26 15.4100 178724.0000 16.5000 16.6200 15.1261
2017/10/25 16.5000 266965.0000 16.7300 17.4550 16.4300
2017/10/24 16.5000 277221.0000 16.8300 17.1500 16.0700
2017/10/23 16.8500 223597.0000 16.7900 17.2900 16.5000
2017/10/20 16.8700 157218.0000 17.0300 17.7800 16.5000
2017/10/19 17.0200 175082.0000 17.2500 17.4900 16.4900
2017/10/18 17.2900 258268.0000 18.7200 18.7200 17.0300
2017/10/17 18.7500 154536.0000 20.4800 20.7601 18.6400
2017/10/16 20.4400 129489.0000 22.1700 22.5100 20.3800
2017/10/13 22.1500 80721.0000 22.0400 22.3800 21.4100
2017/10/12 22.1500 71224.0000 22.3000 22.6600 22.1000
2017/10/11 22.3200 59889.0000 22.6000 22.7755 22.0000
2017/10/10 22.8200 71498.0000 22.9000 22.9400 22.4244
2017/10/09 22.8500 77142.0000 22.6100 23.0900 22.3650
2017/10/06 22.6100 67514.0000 23.0400 23.0800 22.2800
2017/10/05 23.0100 122614.0000 22.9300 23.1850 22.5200
2017/10/04 22.9100 82632.0000 23.2000 23.2000 22.7300
2017/10/03 23.1700 100266.0000 22.7200 23.3173 22.7200
2017/10/02 22.5900 93718.0000 23.0700 23.2850 22.1600
2017/09/29 22.8400 153645.0000 23.2600 23.3150 22.4500
2017/09/28 23.0800 67189.0000 23.6700 23.9800 22.9000
2017/09/27 23.5300 112787.0000 23.5400 24.4600 23.3000
2017/09/26 23.4500 165137.0000 21.5900 23.4900 21.5900
2017/09/25 21.6800 68078.0000 20.5000 21.8400 20.3900
2017/09/22 20.6900 105898.0000 20.5800 20.8376 19.9800
2017/09/21 20.5500 105038.0000 19.9000 21.0000 19.9000
2017/09/20 19.8600 161416.0000 20.5000 20.7600 19.3000
2017/09/19 20.6100 234612.0000 22.4800 23.4400 20.4410
2017/09/18 21.9900 369128.0000 25.1100 25.8728 21.8501
2017/09/15 25.2700 1136816.0000 26.2600 26.7300 24.8500
2017/09/14 26.5300 217571.0000 26.2000 26.7500 25.9100
2017/09/13 26.2000 380929.0000 26.0900 26.7400 25.8800
2017/09/12 26.0900 108087.0000 25.7800 26.6400 25.5150
2017/09/11 25.7500 83707.0000 25.6600 26.4593 25.3400
2017/09/08 25.4100 118447.0000 25.6600 25.6900 25.0000
2017/09/07 25.7500 93891.0000 25.7500 26.0000 25.3832
2017/09/06 25.8000 240901.0000 25.3600 25.8650 24.6300
2017/09/05 25.1900 336767.0000 25.6900 25.8190 24.6000
2017/09/01 24.9900 97182.0000 25.5000 26.5504 24.4710
2017/08/31 25.3000 133047.0000 23.5100 26.0000 23.5000
2017/08/30 23.7200 197339.0000 22.5000 24.4750 22.5000
2017/08/29 22.6000 132621.0000 22.5300 23.5500 22.1000
2017/08/28 22.5600 243589.0000 21.3700 23.0000 21.3700
2017/08/25 21.3700 124213.0000 21.8000 22.1200 20.8704
2017/08/24 21.7600 210510.0000 21.9100 22.5000 21.6200
2017/08/23 21.8100 112274.0000 21.5200 21.9600 21.3441
2017/08/22 21.6300 80618.0000 21.5000 21.7900 21.1500
2017/08/21 21.5000 107704.0000 21.3900 22.0800 21.3731
2017/08/18 21.3600 58614.0000 21.6200 22.1800 21.2000
2017/08/17 21.7200 119199.0000 22.2500 22.2500 21.3624
2017/08/16 22.3500 205548.0000 22.0000 23.0824 21.5000
2017/08/15 22.0000 157425.0000 22.0300 22.0500 21.1500
2017/08/14 21.4900 618718.0000 21.4600 21.8500 19.8300
2017/08/11 19.6600 162200.0000 19.1600 19.7500 18.3500
2017/08/10 19.0500 152259.0000 20.0800 20.0800 18.5010
2017/08/09 20.0100 79615.0000 19.9300 20.2000 19.6805
2017/08/08 19.8500 64977.0000 20.0400 20.0500 19.6450
2017/08/07 19.9900 45515.0000 20.1000 20.1400 19.6600
2017/08/04 20.0500 68412.0000 19.8600 20.1800 19.5750
2017/08/03 19.9200 102920.0000 20.0000 20.3300 19.6200
2017/08/02 19.9000 194198.0000 20.0000 20.0684 19.4400
2017/08/01 19.9000 354823.0000 19.8600 20.2000 19.0000
2017/07/31 20.0800 212515.0000 20.5500 21.0000 19.9000
2017/07/28 20.3700 348425.0000 18.9800 20.8800 18.9800
2017/07/27 20.1500 526440.0000 19.0200 20.2500 18.5000
2017/07/26 18.9800 171070.0000 19.2400 19.4400 18.7200
2017/07/25 19.2000 360174.0000 19.4100 19.6696 18.9500
2017/07/24 19.4200 443466.0000 19.1500 19.7990 19.0500
2017/07/21 19.1000 959337.0000 18.5200 19.4400 18.3000
2017/07/20 18.4900 3918396.0000 16.7000 18.7000 16.3800
