date close volume open high low
12/31/2018 0.2553 407062 0.29 0.35 0.25
12/28/2018 0.22 200181 0.2 0.226 0.1875
12/27/2018 0.14 299325 0.23 0.2399 0.11
12/26/2018 0.1893 300 0.1994 0.1994 0.1893
12/24/2018 0.1596 150 0.1596 0.1596 0.1596
12/21/2018 0.1994 1890 0.1 0.1994 0.1
12/20/2018 0.1 0 0.1 0.1 0.1
12/19/2018 0.1 11420 0.1 0.1 0.1
12/18/2018 0.1 11000 0.1262 0.1262 0.1
12/17/2018 0.15 0 0.15 0.15 0.15
12/14/2018 0.15 0 0.15 0.15 0.15
12/13/2018 0.15 0 0.15 0.15 0.15
12/12/2018 0.15 7735 0.15 0.15 0.15
12/11/2018 0.15 300 0.15 0.15 0.15
12/10/2018 0.1199 0 0.1199 0.1199 0.1199
12/7/2018 0.1199 0 0.1199 0.1199 0.1199
12/6/2018 0.1199 2200 0.1 0.12 0.1
12/4/2018 0.12 2500 0.17 0.2389 0.11
12/3/2018 0.15 0 0.15 0.15 0.15
11/30/2018 0.15 35100 0.15 0.15 0.1114
11/29/2018 0.15 20000 0.15 0.15 0.15
11/28/2018 0.2389 7250 0.239 0.239 0.12
11/27/2018 0.24 0 0.24 0.24 0.24
11/26/2018 0.24 0 0.24 0.24 0.24
11/23/2018 0.24 0 0.24 0.24 0.24
11/21/2018 0.24 0 0.24 0.24 0.24
11/20/2018 0.24 0 0.24 0.24 0.24
11/19/2018 0.24 0 0.24 0.24 0.24
11/16/2018 0.24 0 0.24 0.24 0.24
11/15/2018 0.24 21660 0.25 0.25 0.17
11/14/2018 0.23 39189 0.3081 0.3081 0.23
11/13/2018 0.2461 5663 0.24 0.25 0.24
11/12/2018 0.2461 0 0.2461 0.2461 0.2461
11/9/2018 0.2461 0 0.2461 0.2461 0.2461
11/8/2018 0.2461 13600 0.12 0.2461 0.12
11/7/2018 0.2 0 0.2 0.2 0.2
11/6/2018 0.2 0 0.2 0.2 0.2
11/5/2018 0.2 375 0.2 0.2 0.2
11/2/2018 0.2 0 0.2 0.2 0.2
11/1/2018 0.2 0 0.2 0.2 0.2
10/31/2018 0.2 0 0.2 0.2 0.2
10/30/2018 0.2 300 0.2 0.2 0.2
10/29/2018 0.2 0 0.2 0.2 0.2
10/26/2018 0.2 0 0.2 0.2 0.2
10/25/2018 0.2 0 0.2 0.2 0.2
10/24/2018 0.2 0 0.2 0.2 0.2
10/23/2018 0.2 0 0.2 0.2 0.2
10/22/2018 0.2 21500 0.2 0.2 0.2
10/19/2018 0.1999 2900 0.2 0.2 0.1999
10/18/2018 0.1993 24398 0.19 0.1999 0.1794
10/17/2018 0.18 5524 0.15 0.185 0.1499
10/16/2018 0.15 0 0.15 0.15 0.15
10/15/2018 0.15 0 0.15 0.15 0.15
10/12/2018 0.15 0 0.15 0.15 0.15
10/11/2018 0.15 0 0.15 0.15 0.15
10/10/2018 0.15 0 0.15 0.15 0.15
10/9/2018 0.15 0 0.15 0.15 0.15
10/8/2018 0.15 50516 0.15 0.15 0.13
10/5/2018 0.1202 300 0.1202 0.1202 0.1202
10/4/2018 0.14 4600 0.12 0.14 0.12
10/3/2018 0.14 5000 0.14 0.14 0.14
10/2/2018 0.1383 9000 0.14 0.14 0.1383
10/1/2018 0.135 0 0.135 0.135 0.135
9/28/2018 0.135 9000 0.135 0.135 0.135
9/27/2018 0.1437 0 0.1437 0.1437 0.1437
9/26/2018 0.1437 100 0.1437 0.1437 0.1437
9/25/2018 0.13 51100 0.15 0.15 0.12
9/24/2018 0.15 100 0.15 0.15 0.15
9/21/2018 0.15 16101 0.15 0.15 0.15
9/20/2018 0.155 100 0.155 0.155 0.155
9/19/2018 0.1599 200 0.1595 0.1599 0.1595
9/18/2018 0.15 300 0.1703 0.1703 0.15
9/17/2018 0.15 33109 0.155 0.155 0.135
9/14/2018 0.16 20100 0.16 0.189 0.16
9/13/2018 0.15 39815 0.15 0.2059 0.15
9/12/2018 0.2 0 0.2 0.2 0.2
9/11/2018 0.2 100 0.2 0.2 0.2
9/10/2018 0.2 61000 0.2399 0.2499 0.18
9/7/2018 0.18 10713 0.19 0.19 0.18
9/6/2018 0.2 110600 0.14 0.2 0.13
9/5/2018 0.22 24708 0.2108 0.2798 0.13
9/4/2018 0.22 100 0.22 0.22 0.22
8/31/2018 0.2396 0 0.2396 0.2396 0.2396
8/30/2018 0.2396 3593 0.24 0.24 0.2396
8/29/2018 0.26 775 0.2848 0.2848 0.26
8/28/2018 0.21 4100 0.22 0.23 0.21
8/27/2018 0.285 100 0.285 0.285 0.285
8/24/2018 0.25 19122 0.2489 0.3 0.2489
8/23/2018 0.2499 100 0.2499 0.2499 0.2499
8/22/2018 0.24 100 0.24 0.24 0.24
8/21/2018 0.2 2350 0.2489 0.2489 0.1903
8/20/2018 0.2 45157 0.2 0.2 0.1887
8/17/2018 0.2 13545 0.2299 0.2499 0.1801
8/16/2018 0.19 41750 0.24 0.2499 0.17
8/15/2018 0.19 58542 0.2001 0.2001 0.19
8/14/2018 0.2 45255 0.2 0.4 0.18
8/13/2018 0.18 8600 0.2 0.2 0.165
8/10/2018 0.1599 65900 0.15 0.17 0.1499
8/9/2018 0.1589 14650 0.2 0.2 0.1589
8/8/2018 0.15 0 0.15 0.15 0.15
8/7/2018 0.15 35000 0.16 0.16 0.15
8/6/2018 0.16 1100 0.16 0.16 0.16
8/3/2018 0.15 104410 0.15 0.1923 0.1401
8/2/2018 0.2 5970 0.23 0.23 0.1983
8/1/2018 0.22 30779 0.24 0.27 0.2
7/31/2018 0.24 6000 0.24 0.24 0.24
7/30/2018 0.24 5742 0.24 0.2401 0.24
7/27/2018 0.24 10379 0.26 0.26 0.24
7/26/2018 0.24 9310 0.27 0.27 0.24
7/25/2018 0.27 600 0.27 0.27 0.24
7/24/2018 0.26 0 0.26 0.26 0.26
7/23/2018 0.26 900 0.28 0.28 0.26
7/20/2018 0.268 0 0.268 0.268 0.268
7/19/2018 0.268 0 0.268 0.268 0.268
7/18/2018 0.268 1800 0.29 0.29 0.2665
7/17/2018 0.2687 750 0.2687 0.2687 0.2687
7/16/2018 0.27 51250 0.22 0.27 0.22
7/13/2018 0.28 0 0.28 0.28 0.28
7/12/2018 0.28 7300 0.22 0.28 0.22
7/11/2018 0.2689 4700 0.27 0.27 0.2589
7/10/2018 0.247 10100 0.2 0.247 0.2
7/9/2018 0.22 20670 0.18 0.234 0.18
7/6/2018 0.2596 0 0.2596 0.2596 0.2596
7/5/2018 0.2596 10500 0.187 0.26 0.1721
7/3/2018 0.1701 14871 0.16 0.2001 0.1501
7/2/2018 0.26 12000 0.251 0.26 0.201
6/29/2018 0.26 5900 0.26 0.26 0.26
6/28/2018 0.269 0 0.269 0.269 0.269
6/27/2018 0.269 0 0.269 0.269 0.269
6/26/2018 0.269 100 0.269 0.269 0.269
6/25/2018 0.2205 0 0.2205 0.2205 0.2205
6/22/2018 0.2205 7500 0.24 0.24 0.2205
6/21/2018 0.27 100 0.27 0.27 0.27
6/20/2018 0.26 14929 0.25 0.27 0.25
6/19/2018 0.27 600 0.2749 0.2749 0.27
6/18/2018 0.25 14600 0.25 0.25 0.2494
6/15/2018 0.25 6000 0.25 0.25 0.25
6/14/2018 0.25 8100 0.2 0.25 0.2
6/13/2018 0.28 0 0.28 0.28 0.28
6/12/2018 0.28 7553 0.28 0.28 0.28
6/11/2018 0.25 6000 0.25 0.25 0.25
6/8/2018 0.28 0 0.28 0.28 0.28
6/7/2018 0.28 9900 0.28 0.3 0.23
6/6/2018 0.28 1500 0.335 0.335 0.22
6/5/2018 0.3429 68795 0.22 0.3429 0.2
6/4/2018 0.22 5100 0.2 0.22 0.2
6/1/2018 0.185 5900 0.2 0.2 0.16
5/31/2018 0.2 5101 0.225 0.225 0.2
5/30/2018 0.23 200 0.23 0.23 0.23
5/29/2018 0.23 54300 0.23 0.23 0.2263
5/25/2018 0.2899 100 0.2899 0.2899 0.2899
5/24/2018 0.29 18600 0.29 0.29 0.24
5/23/2018 0.29 0 0.29 0.29 0.29
5/22/2018 0.29 100 0.29 0.29 0.29
5/21/2018 0.29 7394 0.28 0.29 0.25
5/18/2018 0.29 25800 0.3 0.3 0.29
5/17/2018 0.3399 34354 0.3 0.3399 0.28
5/16/2018 0.3699 6807 0.38 0.38 0.266
5/15/2018 0.3799 3100 0.3505 0.38 0.3505
5/14/2018 0.4 3600 0.38 0.4 0.3505
5/11/2018 0.4499 0 0.4499 0.4499 0.4499
5/10/2018 0.4499 0 0.4499 0.4499 0.4499
5/9/2018 0.4499 0 0.4499 0.4499 0.4499
5/8/2018 0.4499 100 0.4499 0.4499 0.4499
5/7/2018 0.4499 724 0.3405 0.4499 0.3405
5/4/2018 0.45 0 0.45 0.45 0.45
5/3/2018 0.45 3600 0.49 0.49 0.3648
5/2/2018 0.35 30100 0.4122 0.4122 0.35
5/1/2018 0.3755 3065 0.4499 0.4499 0.3755
4/30/2018 0.4 38461 0.43 0.4699 0.3501
4/27/2018 0.45 22151 0.49 0.49 0.39
4/26/2018 0.455 67700 0.475 0.49 0.455
4/25/2018 0.46 93629 0.47 0.4897 0.45
4/24/2018 0.47 11000 0.4699 0.47 0.4699
4/23/2018 0.49 5080 0.49 0.49 0.49
4/20/2018 0.4799 26540 0.45 0.48 0.45
4/19/2018 0.4898 26971 0.4699 0.4898 0.45
4/18/2018 0.46 0 0.46 0.46 0.46
4/17/2018 0.46 65200 0.925 0.925 0.4
4/16/2018 0.4999 0 0.4999 0.4999 0.4999
4/13/2018 0.4999 0 0.4999 0.4999 0.4999
4/12/2018 0.4999 0 0.4999 0.4999 0.4999
4/11/2018 0.4999 300 0.48 0.4999 0.4703
4/10/2018 0.51 1051 0.43 0.51 0.42
4/9/2018 0.539 6750 0.54 0.54 0.536
4/6/2018 0.535 1450 0.53 0.535 0.53
4/5/2018 0.5298 60200 0.45 0.5299 0.45
4/4/2018 0.5176 22900 0.497 0.53 0.497
4/3/2018 0.5127 5500 0.5127 0.5127 0.5127
4/2/2018 0.5378 30700 0.45 0.54 0.42
3/29/2018 0.46 400 0.46 0.46 0.46
3/28/2018 0.47 0 0.47 0.47 0.47
3/27/2018 0.47 1045 0.48 0.48 0.47
3/26/2018 0.47 2520 0.48 0.48 0.47
3/23/2018 0.48 92201 0.4799 0.49 0.4103
3/22/2018 0.47 26100 0.41 0.49 0.41
3/21/2018 0.4899 17968 0.48 0.49 0.48
3/20/2018 0.49 14800 0.5499 0.5499 0.43
3/19/2018 0.53 36700 0.45 0.55 0.45
3/16/2018 0.47 16549 0.495 0.5 0.47
3/15/2018 0.496 16260 0.5 0.5299 0.4365
3/14/2018 0.5499 17899 0.59 0.59 0.45
3/13/2018 0.5694 14600 0.59 0.59 0.5515
3/12/2018 0.59 3637 0.5899 0.59 0.5862
3/9/2018 0.6 200 0.6 0.6 0.6
3/8/2018 0.5499 742 0.5455 0.5999 0.5399
3/7/2018 0.5499 200 0.5515 0.5515 0.5499
3/6/2018 0.5 23156 0.5 0.5378 0.4977
3/5/2018 0.5 37602 0.59 0.59 0.45
3/2/2018 0.5994 11500 0.5997 0.5997 0.54
3/1/2018 0.5699 73025 0.933 0.933 0.5699
2/28/2018 0.61 623413 0.75 0.75 0.571
2/27/2018 0.53 4800 0.51 0.53 0.51
2/26/2018 0.5299 4800 0.5299 0.5299 0.5299
2/23/2018 0.53 0 0.53 0.53 0.53
2/22/2018 0.53 2600 0.35 0.53 0.15
2/21/2018 0.5099 0 0.5099 0.5099 0.5099
2/20/2018 0.5099 500 0.51 0.5299 0.5099
2/16/2018 0.48 1200 0.53 0.53 0.48
2/15/2018 0.5 500 0.5198 0.5199 0.5
2/14/2018 0.4999 2500 0.51 0.51 0.49
2/13/2018 0.5198 14725 0.5 0.55 0.5
2/12/2018 0.4798 3414 0.4887 0.4899 0.4798
2/9/2018 0.4498 46195 0.1413 0.45 0.1213
2/8/2018 0.4403 600 0.4951 0.4952 0.4403
2/7/2018 0.499 300 0.45 0.499 0.45
2/6/2018 0.4899 800 0.35 0.499 0.35
2/5/2018 0.4668 1500 0.43 0.4899 0.43
2/2/2018 0.4425 13450 0.42 0.448 0.42
2/1/2018 0.4 0 0.4 0.4 0.4
1/31/2018 0.4 35700 0.5 0.525 0.4
1/30/2018 0.5 1100 0.5 0.5 0.5
1/29/2018 0.45 8271 0.55 0.55 0.4384
1/26/2018 0.5 8955 0.46 0.6117 0.46
1/25/2018 0.46 23067 0.64 0.64 0.46
1/24/2018 0.45 609350 0.383 0.47 0.38
1/23/2018 0.3855 2500 0.3855 0.3855 0.3855
1/22/2018 0.4 4850 0.4 0.4 0.3999
1/19/2018 0.39 9200 0.35 0.39 0.35
1/18/2018 0.35 16200 0.39 0.39 0.31
1/17/2018 0.38 1500 0.38 0.38 0.38
1/16/2018 0.39 2600 0.39 0.39 0.3881
1/12/2018 0.37 700 0.37 0.37 0.37
1/11/2018 0.36 1200 0.36 0.36 0.36
1/10/2018 0.3662 152 0.3662 0.3662 0.3662
1/9/2018 0.3889 2000 0.39 0.39 0.381
1/8/2018 0.3944 0 0.3944 0.3944 0.3944
1/5/2018 0.3944 19100 0.3201 0.3944 0.32
1/4/2018 0.39 3000 0.39 0.39 0.39
1/3/2018 0.3301 10600 0.33 0.3301 0.33
1/2/2018 0.3101 0 0.3101 0.3101 0.3101
12/29/2017 0.3101 1000 0.3101 0.3101 0.3101
12/28/2017 0.31 0 0.31 0.31 0.31
12/27/2017 0.31 2600 0.31 0.31 0.31
12/26/2017 0.35 0 0.35 0.35 0.35
12/22/2017 0.35 0 0.35 0.35 0.35
12/21/2017 0.35 1400 0.3001 0.35 0.3001
12/20/2017 0.35 8000 0.3501 0.3501 0.35
12/19/2017 0.3666 0 0.3666 0.3666 0.3666
12/18/2017 0.3666 0 0.3666 0.3666 0.3666
12/15/2017 0.3666 0 0.3666 0.3666 0.3666
12/14/2017 0.3666 0 0.3666 0.3666 0.3666
12/13/2017 0.3666 2900 0.395 0.395 0.365
12/12/2017 0.37 100 0.37 0.37 0.37
12/11/2017 0.37 0 0.37 0.37 0.37
12/8/2017 0.37 100 0.37 0.37 0.37
12/7/2017 0.394 100 0.394 0.394 0.394
12/6/2017 0.36 100 0.36 0.36 0.36
12/5/2017 0.38 300 0.38 0.38 0.29
12/4/2017 0.39 4000 0.3501 0.39 0.2999
12/1/2017 0.39 4900 0.39 0.39 0.39
11/30/2017 0.3949 18020 0.325 0.4 0.325
11/29/2017 0.35 0 0.35 0.35 0.35
11/28/2017 0.35 20075 0.3699 0.3699 0.3401
11/27/2017 0.4 1400 0.3905 0.4 0.3905
11/24/2017 0.4 0 0.4 0.4 0.4
11/22/2017 0.4 100 0.4 0.4 0.4
11/21/2017 0.35 0 0.35 0.35 0.35
11/20/2017 0.35 10200 0.35 0.35 0.35
11/17/2017 0.35 11500 0.35 0.35 0.35
11/16/2017 0.34 0 0.34 0.34 0.34
11/15/2017 0.34 100 0.34 0.34 0.34
11/14/2017 0.34 0 0.34 0.34 0.34
11/13/2017 0.34 2100 0.3001 0.34 0.3001
11/10/2017 0.35 200 0.35 0.35 0.35
11/9/2017 0.35 2799 0.33 0.35 0.33
11/8/2017 0.35 0 0.35 0.35 0.35
11/7/2017 0.35 5500 0.34 0.35 0.34
11/6/2017 0.34 0 0.34 0.34 0.34
11/3/2017 0.34 0 0.34 0.34 0.34
11/2/2017 0.34 0 0.34 0.34 0.34
11/1/2017 0.34 200 0.32 0.34 0.32
10/31/2017 0.33 0 0.33 0.33 0.33
10/30/2017 0.33 100 0.33 0.33 0.33
10/27/2017 0.35 0 0.35 0.35 0.35
10/26/2017 0.35 5500 0.3001 0.35 0.3001
10/25/2017 0.325 0 0.325 0.325 0.325
10/24/2017 0.325 0 0.325 0.325 0.325
10/23/2017 0.325 0 0.325 0.325 0.325
10/20/2017 0.325 201 0.3 0.325 0.3
10/19/2017 0.338 100 0.338 0.338 0.338
10/18/2017 0.3253 0 0.3253 0.3253 0.3253
10/17/2017 0.3253 700 0.25 0.3253 0.25
10/16/2017 0.35 3300 0.31 0.35 0.21
10/13/2017 0.355 215 0.355 0.355 0.355
10/12/2017 0.37 0 0.37 0.37 0.37
10/11/2017 0.37 0 0.37 0.37 0.37
10/10/2017 0.37 200 0.345 0.37 0.345
10/9/2017 0.39 200 0.32 0.39 0.32
10/6/2017 0.3675 100 0.3675 0.3675 0.3675
10/5/2017 0.37 0 0.37 0.37 0.37
10/4/2017 0.37 0 0.37 0.37 0.37
10/3/2017 0.37 0 0.37 0.37 0.37
10/2/2017 0.37 0 0.37 0.37 0.37
9/29/2017 0.37 6900 0.3301 0.37 0.3301
9/28/2017 0.311 0 0.311 0.311 0.311
9/27/2017 0.311 0 0.311 0.311 0.311
9/26/2017 0.311 0 0.311 0.311 0.311
9/25/2017 0.311 0 0.311 0.311 0.311
9/22/2017 0.311 200 0.38 0.38 0.311
9/21/2017 0.39 100 0.39 0.39 0.39
9/20/2017 0.39 12500 0.311 0.39 0.31
9/19/2017 0.3693 200 0.355 0.3693 0.355
9/18/2017 0.3444 100 0.3444 0.3444 0.3444
9/15/2017 0.3201 200 0.3524 0.3524 0.3201
9/14/2017 0.3301 200 0.3925 0.3925 0.3301
9/13/2017 0.35 5400 0.311 0.395 0.311
9/12/2017 0.385 60082 0.3862 0.3862 0.311
9/11/2017 0.4 0 0.4 0.4 0.4
9/8/2017 0.4 4600 0.4 0.4 0.361
9/7/2017 0.4 0 0.4 0.4 0.4
9/6/2017 0.4 0 0.4 0.4 0.4
9/5/2017 0.4 0 0.4 0.4 0.4
9/1/2017 0.4 0 0.4 0.4 0.4
8/31/2017 0.4 3300 0.4 0.4 0.3981
8/30/2017 0.3992 0 0.3992 0.3992 0.3992
8/29/2017 0.3992 21000 0.4 0.4 0.3992
8/28/2017 0.4 0 0.4 0.4 0.4
8/25/2017 0.4 1700 0.4 0.4 0.4
8/24/2017 0.4 100 0.4 0.4 0.4
8/23/2017 0.39 300 0.39 0.39 0.39
8/22/2017 0.39 17000 0.37 0.39 0.37
8/21/2017 0.3936 33514 0.4301 0.4301 0.3701
8/18/2017 0.45 20100 0.3701 0.45 0.37
8/17/2017 0.4239 0 0.4239 0.4239 0.4239
8/16/2017 0.4239 0 0.4239 0.4239 0.4239
8/15/2017 0.4239 3300 0.3875 0.4239 0.3875
8/14/2017 0.39 15200 0.39 0.39 0.3897
8/11/2017 0.4099 2000 0.4093 0.4099 0.4093
8/10/2017 0.405 100 0.405 0.405 0.405
8/9/2017 0.4 0 0.4 0.4 0.4
8/8/2017 0.4 100 0.4 0.4 0.4
8/7/2017 0.4 40731 0.4101 0.4101 0.38
8/4/2017 0.45 0 0.45 0.45 0.45
8/3/2017 0.45 600 0.4309 0.45 0.4309
8/2/2017 0.46 0 0.46 0.46 0.46
8/1/2017 0.46 500 0.46 0.46 0.46
7/31/2017 0.47 400 0.47 0.47 0.4195
7/28/2017 0.4499 0 0.4499 0.4499 0.4499
7/27/2017 0.4499 1500 0.4499 0.4499 0.4499
7/26/2017 0.4551 3169 0.4545 0.4551 0.4545
7/25/2017 0.4551 0 0.4551 0.4551 0.4551
7/24/2017 0.4551 0 0.4551 0.4551 0.4551
7/21/2017 0.4551 0 0.4551 0.4551 0.4551
7/20/2017 0.4551 0 0.4551 0.4551 0.4551
7/19/2017 0.4551 1220 0.46 0.46 0.4551
7/18/2017 0.46 0 0.46 0.46 0.46
7/17/2017 0.46 1000 0.46 0.46 0.46
7/14/2017 0.46 0 0.46 0.46 0.46
7/13/2017 0.46 13200 0.4692 0.47 0.459
7/12/2017 0.4699 15400 0.47 0.47 0.465
7/11/2017 0.47 21731 0.47 0.47 0.46
7/10/2017 0.4749 100 0.4749 0.4749 0.4749
7/7/2017 0.4585 44700 0.41 0.4788 0.41
7/6/2017 0.42 52700 0.43 0.4448 0.4164
7/5/2017 0.435 80215 0.4278 0.45 0.3917
7/3/2017 0.4 259100 0.34 0.4 0.34
6/30/2017 0.32 6000 0.31 0.32 0.31
6/29/2017 0.32 700 0.31 0.32 0.31
6/28/2017 0.325 0 0.325 0.325 0.325
6/27/2017 0.325 0 0.325 0.325 0.325
6/26/2017 0.325 0 0.325 0.325 0.325
6/23/2017 0.325 0 0.325 0.325 0.325
6/22/2017 0.325 2500 0.325 0.325 0.325
6/21/2017 0.325 0 0.325 0.325 0.325
6/20/2017 0.325 600 0.325 0.325 0.325
6/19/2017 0.325 0 0.325 0.325 0.325
6/16/2017 0.325 2500 0.31 0.325 0.31
6/15/2017 0.3198 0 0.3198 0.3198 0.3198
6/14/2017 0.3198 0 0.3198 0.3198 0.3198
6/13/2017 0.3198 1600 0.2601 0.323 0.2601
6/12/2017 0.2919 14281 0.2108 0.3073 0.2108
6/9/2017 0.325 0 0.325 0.325 0.325
6/8/2017 0.325 0 0.325 0.325 0.325
6/7/2017 0.325 0 0.325 0.325 0.325
6/6/2017 0.325 0 0.325 0.325 0.325
6/5/2017 0.325 0 0.325 0.325 0.325
6/2/2017 0.325 11200 0.325 0.325 0.325
6/1/2017 0.325 11000 0.325 0.325 0.325
5/31/2017 0.325 20100 0.325 0.325 0.3249
5/30/2017 0.325 0 0.325 0.325 0.325
5/26/2017 0.325 0 0.325 0.325 0.325
5/25/2017 0.325 5100 0.318 0.325 0.3
5/24/2017 0.325 5000 0.325 0.325 0.325
5/23/2017 0.325 5000 0.325 0.325 0.325
5/22/2017 0.325 5000 0.325 0.325 0.325
5/19/2017 0.325 49100 0.33 0.33 0.325
5/18/2017 0.33 300 0.33 0.33 0.33
5/17/2017 0.3499 2800 0.3499 0.3499 0.3499
5/16/2017 0.3417 0 0.3417 0.3417 0.3417
5/15/2017 0.3417 0 0.3417 0.3417 0.3417
5/12/2017 0.3417 0 0.3417 0.3417 0.3417
5/11/2017 0.3417 0 0.3417 0.3417 0.3417
5/10/2017 0.3417 4600 0.3432 0.3432 0.34
5/9/2017 0.3401 400 0.34 0.3401 0.34
5/8/2017 0.36 0 0.36 0.36 0.36
5/5/2017 0.36 5000 0.36 0.36 0.36
5/4/2017 0.36 0 0.36 0.36 0.36
5/3/2017 0.36 0 0.36 0.36 0.36
5/2/2017 0.36 0 0.36 0.36 0.36
5/1/2017 0.36 0 0.36 0.36 0.36
4/28/2017 0.36 0 0.36 0.36 0.36
4/27/2017 0.36 0 0.36 0.36 0.36
4/26/2017 0.36 0 0.36 0.36 0.36
4/25/2017 0.36 0 0.36 0.36 0.36
4/24/2017 0.36 0 0.36 0.36 0.36
4/21/2017 0.36 0 0.36 0.36 0.36
4/20/2017 0.36 0 0.36 0.36 0.36
4/19/2017 0.36 1000 0.36 0.36 0.36
4/18/2017 0.38 1800 0.3752 0.38 0.3752
4/17/2017 0.36 0 0.36 0.36 0.36
4/13/2017 0.36 9400 0.36 0.36 0.3599
4/12/2017 0.3994 1500 0.35 0.3994 0.35
4/11/2017 0.3425 0 0.3425 0.3425 0.3425
4/10/2017 0.3425 30200 0.36 0.36 0.3425
4/7/2017 0.35 6000 0.35 0.35 0.35
4/6/2017 0.35 0 0.35 0.35 0.35
4/5/2017 0.35 0 0.35 0.35 0.35
4/4/2017 0.35 4900 0.3599 0.3599 0.35
4/3/2017 0.35 1800 0.35 0.35 0.35
3/31/2017 0.3399 9400 0.34 0.34 0.3399
3/30/2017 0.3599 0 0.3599 0.3599 0.3599
3/29/2017 0.3599 0 0.3599 0.3599 0.3599
3/28/2017 0.3599 0 0.3599 0.3599 0.3599
3/27/2017 0.3599 3000 0.35 0.3599 0.35
3/24/2017 0.3599 0 0.3599 0.3599 0.3599
3/23/2017 0.3599 3200 0.35 0.3599 0.32
3/22/2017 0.3599 0 0.3599 0.3599 0.3599
3/21/2017 0.3599 400 0.3599 0.3599 0.3599
3/20/2017 0.3599 0 0.3599 0.3599 0.3599
3/17/2017 0.3599 1000 0.3599 0.3599 0.3599
3/16/2017 0.3599 0 0.3599 0.3599 0.3599
3/15/2017 0.3599 0 0.3599 0.3599 0.3599
3/14/2017 0.3599 0 0.3599 0.3599 0.3599
3/13/2017 0.3599 3200 0.32 0.3599 0.32
3/10/2017 0.3599 100 0.3599 0.3599 0.3599
3/9/2017 0.3599 400 0.3599 0.3599 0.3599
3/8/2017 0.33 54200 0.3 0.3599 0.3
3/7/2017 0.33 0 0.33 0.33 0.33
3/6/2017 0.33 6300 0.3305 0.3305 0.311
3/3/2017 0.35 100 0.35 0.35 0.35
3/2/2017 0.36 100 0.36 0.36 0.36
3/1/2017 0.35 0 0.35 0.35 0.35
2/28/2017 0.35 0 0.35 0.35 0.35
2/27/2017 0.35 900 0.3 0.35 0.3
2/24/2017 0.3419 0 0.3419 0.3419 0.3419
2/23/2017 0.3419 0 0.3419 0.3419 0.3419
2/22/2017 0.3419 0 0.3419 0.3419 0.3419
2/21/2017 0.3419 9000 0.3125 0.3419 0.2189
2/17/2017 0.3499 0 0.3499 0.3499 0.3499
2/16/2017 0.3499 100 0.3499 0.3499 0.3499
2/15/2017 0.3599 0 0.3599 0.3599 0.3599
2/14/2017 0.3599 0 0.3599 0.3599 0.3599
2/13/2017 0.3599 0 0.3599 0.3599 0.3599
2/10/2017 0.3599 7400 0.325 0.36 0.325
2/9/2017 0.3599 100 0.3599 0.3599 0.3599
2/8/2017 0.36 100 0.36 0.36 0.36
2/7/2017 0.36 2200 0.34 0.36 0.34
2/6/2017 0.3695 1100 0.33 0.3695 0.33
2/3/2017 0.33 12300 0.33 0.33 0.3295
2/2/2017 0.3 55000 0.3 0.31 0.3
2/1/2017 0.32 9700 0.3 0.5972 0.3
1/31/2017 0.3 0 0.3 0.3 0.3
1/30/2017 0.3 0 0.3 0.3 0.3
1/27/2017 0.3 2600 0.3 0.3 0.3
1/26/2017 0.29 270100 0.27 0.29 0.27
1/25/2017 0.27 94800 0.27 0.3 0.27
1/24/2017 0.25 22000 0.27 0.27 0.25
1/23/2017 0.27 1000 0.27 0.27 0.27
1/20/2017 0.27 196000 0.26 0.28 0.2587
1/19/2017 0.275 115000 0.26 0.28 0.26
1/18/2017 0.26 62313 0.26 0.26 0.2599
1/17/2017 0.25 33626 0.2799 0.2799 0.25
1/13/2017 0.23 0 0.23 0.23 0.23
1/12/2017 0.23 5000 0.23 0.23 0.23
1/11/2017 0.2499 0 0.2499 0.2499 0.2499
1/10/2017 0.2499 0 0.2499 0.2499 0.2499
1/9/2017 0.2499 0 0.2499 0.2499 0.2499
1/6/2017 0.2499 0 0.2499 0.2499 0.2499
1/5/2017 0.2499 6000 0.25 0.25 0.2499
1/4/2017 0.2 0 0.2 0.2 0.2
1/3/2017 0.2 100000 0.2 0.2001 0.2
