date close volume open high low
12/31/2018 48.15 531539 47.99 48.31 47.06
12/28/2018 47.68 407275 48.02 48.69 47.15
12/27/2018 48.06 456082 46.98 48.06 46.16
12/26/2018 48.02 573214 45.41 48.08 44.95
12/24/2018 45.15 393793 45.6 46.23 44.8
12/21/2018 46.07 1074108 46.45 46.89 45.5
12/20/2018 46.58 787280 47 47.74 45.58
12/19/2018 47.29 735318 49.28 50.01 47.11
12/18/2018 48.87 608647 50.05 50.21 48.62
12/17/2018 49.2 611156 49.56 50.34 48.7
12/14/2018 49.07 552752 48.95 49.55 48.5
12/13/2018 49.61 612970 51.73 51.73 49.48
12/12/2018 51.15 470376 51.74 52.38 51.13
12/11/2018 51.1 464256 52.01 52.41 50.86
12/10/2018 51.1 647886 51.14 51.43 49.63
12/7/2018 51.32 867054 52.61 53.22 50.8939
12/6/2018 52.57 789676 52.52 52.725 51.51
12/4/2018 53.46 753829 56.51 56.65 53.03
12/3/2018 56.96 459990 57.51 58.2304 56.48
11/30/2018 56.57 882389 55.97 56.86 55.8525
11/29/2018 56.19 1855820 56.73 56.99 55.866
11/28/2018 55.7 726050 54.71 55.76 53.53
11/27/2018 54.7 962107 55.46 56 54.18
11/26/2018 55.88 1050720 53.86 56.08 53.86
11/23/2018 53.62 142715 53.08 54.13 53.01
11/21/2018 53.43 419949 52.13 53.91 52.11
11/20/2018 51.82 931910 53 53.03 51.26
11/19/2018 53.65 1048289 54.6 54.9689 53.23
11/16/2018 54.81 565666 55.44 55.6 54.4
11/15/2018 55.97 871263 55.19 56.83 54.95
11/14/2018 55.79 448998 56.61 57.52 55.545
11/13/2018 56.16 656786 55.09 57.09 55.09
11/12/2018 55.34 508594 56.69 56.89 55.19
11/9/2018 56.35 587791 56.62 56.89 55.41
11/8/2018 56.91 591651 57.27 57.68 56.5
11/7/2018 57.45 733454 57.11 57.48 55.29
11/6/2018 56.62 480792 56.82 57.09 56.16
11/5/2018 56.96 842778 56.53 57.95 55.5
11/2/2018 56.3 546254 57.02 57.83 55.9
11/1/2018 56.54 1392854 55.54 56.85 55.07
10/31/2018 55.31 815205 56.56 56.86 55.24
10/30/2018 55.63 817536 54.74 57.11 54.615
10/29/2018 54.72 1364786 57.03 57.97 53.97
10/26/2018 57.22 2131524 60.57 60.57 54.16
10/25/2018 60.97 1173849 60.96 62.01 60.04
10/24/2018 59.63 729283 62.91 62.9156 59.49
10/23/2018 62.66 635278 62.98 63.35 61.52
10/22/2018 64.46 439556 64.72 65.21 64.0301
10/19/2018 65.11 722529 64.94 65.77 63.97
10/18/2018 64.7 755548 67.14 67.31 64.52
10/17/2018 67.66 336853 68.55 68.57 66.88
10/16/2018 68.4 292150 67.97 68.48 66.835
10/15/2018 67.34 321184 66.83 67.84 66.79
10/12/2018 66.76 509146 67.61 67.82 65.7
10/11/2018 66.89 608981 66.74 68.21 66.37
10/10/2018 67.1 736518 69.56 69.75 67.01
10/9/2018 69.52 644877 70.91 71.27 69.16
10/8/2018 70.65 468727 70.44 71.025 69.58
10/5/2018 71.02 731897 72.4 72.4 70.31
10/4/2018 70.99 527314 71.95 72.92 70.8
10/3/2018 71.68 670754 71.51 72.48 70.92
10/2/2018 71.1 564956 72.66 73.06 70.98
10/1/2018 73.22 337416 73.91 73.97 72.94
9/28/2018 73.07 381100 73.02 73.65 72.67
9/27/2018 73.25 328825 73.72 74.13 72.97
9/26/2018 73.33 534336 72.34 74.01 72.22
9/25/2018 72.71 361414 72.98 73.0508 72.15
9/24/2018 72.82 322498 74.18 74.47 72.2222
9/21/2018 74.01 681461 74.99 75.2 73.98
9/20/2018 74.76 463193 76.09 76.193 74.49
9/19/2018 75.44 457625 76.22 76.52 74.95
9/18/2018 75.69 396631 75.42 75.95 74.22
9/17/2018 75.15 708874 78.33 78.33 74.06
9/14/2018 78.29 542074 78.66 79.95 78.15
9/13/2018 78.55 459768 78.98 79.04 78.1
9/12/2018 78.73 483299 78.2 79.65 77.99
9/11/2018 78.2 420156 78.59 79.09 78.05
9/10/2018 78.81 487873 76.35 78.99 76.22
9/7/2018 76.33 341038 76.7 77.53 76.08
9/6/2018 77.31 392506 77.71 78.11 76.5
9/5/2018 77.4 383357 76.6 77.83 76.39
9/4/2018 76.65 428973 77.1 77.7701 76.35
8/31/2018 76.84 326462 76.49 77.2 76.25
8/30/2018 76.94 302879 78.25 78.25 76.83
8/29/2018 78.55 212305 78.83 78.95 77.68
8/28/2018 78.71 214829 79.36 79.66 78.36
8/27/2018 78.96 168386 78.42 79.52 78.37
8/24/2018 77.88 171751 78.07 78.23 77.68
8/23/2018 77.55 287905 78.56 79.06 77.315
8/22/2018 78.67 403746 79.01 79.39 78.34
8/21/2018 79.01 438145 78.52 79.85 78.52
8/20/2018 78.11 169045 77.91 78.43 77.67
8/17/2018 77.73 196561 77.43 78 77.32
8/16/2018 78 337898 77.75 78.54 77.371
8/15/2018 77.1 300290 77.32 78.05 75.66
8/14/2018 77.45 178171 76.83 77.77 76.65
8/13/2018 76.49 189803 76.9 77.16 76.02
8/10/2018 76.58 403106 77.01 77.18 75.5
8/9/2018 77.24 393888 78.4 79.18 77.11
8/8/2018 78.53 340446 78.01 79.19 77.75
8/7/2018 78.17 274955 78.41 78.54 77.64
8/6/2018 77.79 274565 77.3 78.03 76.67
8/3/2018 77.17 307841 77.96 78.27 76.93
8/2/2018 77.78 261265 76.91 78.15 76.91
8/1/2018 77.4 313413 77.92 78.21 76.83
7/31/2018 78.3 416360 77.07 78.74 77.07
7/30/2018 76.87 379674 77.3 78.57 76.75
7/27/2018 77.27 626077 78.44 79.12 76.91
7/26/2018 78.57 891409 78.64 79.03 77.15
7/25/2018 78.32 1426001 74.76 78.58 72.185
7/24/2018 73.23 1013402 76.15 76.605 72.96
7/23/2018 75.35 422624 74.7 75.38 74.48
7/20/2018 74.7 372461 74.74 75.21 74.56
7/19/2018 75.15 425153 74.12 75.48 73.775
7/18/2018 74.76 435613 74 75 73.65
7/17/2018 73.56 383675 72.8 73.81 72.8
7/16/2018 73.09 541967 75.49 75.93 72.32
7/13/2018 74.69 514937 74.3 75.48 74.2
7/12/2018 74.17 328581 74.6 74.6 73.15
7/11/2018 74.07 546795 74.94 75.27 73.88
7/10/2018 75.19 394192 75.77 76.025 74.2
7/9/2018 75.55 447183 73.95 75.6 73.42
7/6/2018 73.23 289271 72.34 73.72 71.85
7/5/2018 72.31 402316 72.48 72.48 71.28
7/3/2018 71.94 274540 73.12 73.72 71.82
7/2/2018 72.81 448179 70.92 72.9 70.92
6/29/2018 71.86 580281 71.07 73.18 70.82
6/28/2018 70.18 417804 70 70.46 69.08
6/27/2018 70.41 483941 71.16 72.02 70.36
6/26/2018 71.17 501194 71.42 71.77 69.7
6/25/2018 71.28 507159 71.84 72.01 70.68
6/22/2018 72.35 722792 73.17 74.03 72.15
6/21/2018 73.07 335054 73.82 74.08 72.52
6/20/2018 73.97 582819 72.75 74.26 72.06
6/19/2018 72.43 503026 72.67 73.285 71.56
6/18/2018 73.64 552418 72.51 73.88 72.02
6/15/2018 73.12 1116227 71.18 73.22 70.47
6/14/2018 71.46 761952 70.63 71.61 70.56
6/13/2018 70.39 372293 71.71 71.9 70.3
6/12/2018 71.8 561465 71.23 72.4 70.61
6/11/2018 71.04 778602 68.65 71.4925 68.65
6/8/2018 68.6 1088963 67.55 68.62 67.18
6/7/2018 67.73 671870 67.08 67.87 66.81
6/6/2018 66.75 488591 66.67 67.22 65.65
6/5/2018 66.26 524699 66.31 67.63 65.75
6/4/2018 66.33 470911 67.51 68.24 65.76
6/1/2018 67.68 357830 67.75 68.69 67.24
5/31/2018 67.08 559373 69.34 69.77 66.98
5/30/2018 69.33 366800 69.05 69.865 68.44
5/29/2018 68.42 314418 68.77 69.2544 67.86
5/25/2018 69.16 321578 69.38 69.705 69
5/24/2018 69.67 517817 68.14 70.01 68.06
5/23/2018 68.17 548413 67.38 68.29 67
5/22/2018 67.89 615531 68.86 69.039 67.78
5/21/2018 68.52 409330 67.46 68.59 67.46
5/18/2018 67.29 695923 68.11 68.455 66.87
5/17/2018 68.63 524599 68.14 69.26 68.14
5/16/2018 68.14 442353 68.29 69.025 68.03
5/15/2018 68.33 472719 67.91 68.779 67.6
5/14/2018 68.3 621426 68.36 68.69 67.91
5/11/2018 68.29 421977 68.79 69.28 67.95
5/10/2018 68.64 461304 68.29 68.79 68.13
5/9/2018 68.32 613483 68.51 68.83 67.78
5/8/2018 68.16 915332 67.7 69.22 67.7
5/7/2018 68.03 556641 68.11 68.74 67.7
5/4/2018 67.83 641154 66.73 68.31 66.435
5/3/2018 67.24 441266 67.08 67.59 65.74
5/2/2018 67.2 492545 67.07 67.81 66.21
5/1/2018 66.85 470192 67.11 67.619 66.02
4/30/2018 67.43 707367 67.73 68.74 67.11
4/27/2018 67.85 603185 67.29 68.03 66.355
4/26/2018 67.05 967228 67.96 68 65.91
4/25/2018 68.04 1138698 68.42 69.43 67.37
4/24/2018 68.39 2313091 75 75.67 67.62
4/23/2018 74.83 709570 74.37 75.32 74.16
4/20/2018 74.05 543168 75.25 75.7 73.84
4/19/2018 74.99 523208 75.94 76.48 74.7
4/18/2018 76.35 811442 74.99 76.73 74.945
4/17/2018 74.31 499165 74.78 75.26 73.51
4/16/2018 74.16 609939 72.64 74.63 72.03
4/13/2018 72.09 312322 72.86 72.91 71.78
4/12/2018 72.26 420704 71.56 72.75 71.23
4/11/2018 71.13 364725 71.36 71.92 70.87
4/10/2018 71.77 476409 70.34 72.43 70.34
4/9/2018 70.1 412788 70.45 71.105 69.94
4/6/2018 69.93 582317 72.08 72.37 68.75
4/5/2018 72.78 886144 71.42 73.13 70.19
4/4/2018 72.99 756434 72.11 73.1 71.5
4/3/2018 73.38 683650 72.42 73.74 71.62
4/2/2018 71.32 391201 72.81 73.42 70.43
3/29/2018 72.79 464401 71.73 73.44 71.73
3/28/2018 71.17 381775 70.46 71.72 69.48
3/27/2018 70.33 481565 72.13 72.28 70.02
3/26/2018 71.72 594458 72.5 72.59 70.04
3/23/2018 71.25 484051 72.64 73.16 71.13
3/22/2018 72.61 735338 75.43 75.9 72.58
3/21/2018 76.29 455103 75.96 77.43 75.96
3/20/2018 75.93 350744 75.54 76.11 75.33
3/19/2018 75.45 545978 74.87 75.94 74.75
3/16/2018 75.2 756988 74.47 75.67 74.47
3/15/2018 74.7 758032 75.02 75.3975 74.13
3/14/2018 74.96 466511 76.67 76.84 74.66
3/13/2018 76.14 499339 76.21 77.37 75.9
3/12/2018 76.06 494654 76.34 76.9999 75.68
3/9/2018 76.5 674484 74.97 76.58 74.51
3/8/2018 74.29 828530 72.35 74.36 72
3/7/2018 72.07 631896 72.53 73.51 71.95
3/6/2018 73.35 699952 72.96 73.46 72.55
3/5/2018 72.74 729635 72.59 73.27 71.47
3/2/2018 73.12 434042 72.57 73.28 71.24
3/1/2018 73.19 757326 72.7 74.14 71.97
2/28/2018 72.37 848435 74.37 74.63 72.35
2/27/2018 74.32 621317 76.29 77.12 74.32
2/26/2018 76.08 583446 74.9 76.21 74.57
2/23/2018 74.54 537373 74.84 75.32 73.7345
2/22/2018 74.35 769879 74.62 76.62 74.29
2/21/2018 74.72 824597 75.29 76.93 74.69
2/20/2018 75.1 1067023 75.43 76.08 74.52
2/16/2018 76.43 2033699 81.97 81.97 76.41
2/15/2018 84.74 1183192 85 85.13 82.52
2/14/2018 84.49 342049 82.51 84.6502 82.47
2/13/2018 83.44 529413 82.12 83.92 81.5
2/12/2018 82.49 562725 81.34 83.12 80.58
2/9/2018 80.67 575850 80.31 81.3299 77.915
2/8/2018 79.72 582000 84.04 84.11 79.68
2/7/2018 84.06 486688 82.97 85.07 82.41
2/6/2018 82.99 576530 79.18 83.18 78.44
2/5/2018 80.77 506841 83.42 84.81 80.77
2/2/2018 84.11 575534 86.53 86.68 83.72
2/1/2018 87.22 367228 86.55 88.13 86.52
1/31/2018 87.03 558979 87.26 88.76 86.6
1/30/2018 86.73 595179 85.25 88.32 85.25
1/29/2018 88.92 402955 88.49 89.47 88.45
1/26/2018 88.94 541774 88.51 89.05 87.83
1/25/2018 88.2 312051 88.69 88.7 87.81
1/24/2018 88.59 382558 88.56 89.22 87.74
1/23/2018 88.5 610180 89.87 90.26 88.35
1/22/2018 89.6 322932 88.46 89.965 87.49
1/19/2018 88.82 741617 88.68 89.02 88
1/18/2018 88.91 417072 88.87 89.62 88.4
1/17/2018 88.98 417568 89.01 89.06 87.95
1/16/2018 88.52 411111 89.92 90.02 87.9922
1/12/2018 89.82 351178 89.9 90.005 89.11
1/11/2018 89.3 562556 88 89.61 87.075
1/10/2018 87.17 489934 87.86 87.86 87.01
1/9/2018 88.06 317934 87.48 88.42 87.46
1/8/2018 87.48 287922 86.87 87.59 86.745
1/5/2018 86.95 371163 87.85 88.1 86.62
1/4/2018 87.26 409755 88 88.26 86.62
1/3/2018 87.41 542059 86.64 87.71 86.48
1/2/2018 86.4 647293 85 86.81 84.572
12/29/2017 84.17 232548 85.2 85.77 84.14
12/28/2017 84.97 242599 84.81 85.04 84.01
12/27/2017 85.02 257052 84.52 85.04 84.08
12/26/2017 84.42 207085 84.8 85.6 84.31
12/22/2017 84.8 204333 83.98 84.92 83.285
12/21/2017 83.73 433774 84.2 84.2 82.94
12/20/2017 83.99 448524 84.65 85.5 83.99
12/19/2017 84.01 572392 82.87 84.16 82.655
12/18/2017 82.85 681776 81.92 82.97 81.76
12/15/2017 81.56 699517 81.21 82.43 81.07
12/14/2017 81.07 517677 82.58 82.58 80.87
12/13/2017 82.02 601594 81.43 82.84 81.43
12/12/2017 81.76 438045 82.08 82.25 81.47
12/11/2017 81.73 615515 82.51 82.67 81.47
12/8/2017 82.48 348539 82.6 82.97 82.08
12/7/2017 82.06 486554 80.78 82.42 80.48
12/6/2017 80.48 363145 80.52 81.22 80.23
12/5/2017 80.42 620222 81.57 81.89 80.34
12/4/2017 81.51 967836 82.75 83.67 81.46
12/1/2017 82.35 644215 82.27 82.37 79.32
11/30/2017 82.48 665297 81.52 82.78 81.06
11/29/2017 81.07 462813 79.8 81.2 79.3
11/28/2017 79.7 522301 77.41 79.8199 77.28
11/27/2017 77.36 582063 77.28 77.725 76.91
11/24/2017 77.3 190467 77.8 77.97 77.21
11/22/2017 77.53 343736 77.64 78.04 77.37
11/21/2017 77.57 439557 77.06 77.65 76.58
11/20/2017 76.64 570589 76.4 77.12 76.17
11/17/2017 76.35 1067157 79.32 79.32 76.11
11/16/2017 80.27 921660 78.01 80.46 77.54
11/15/2017 77.97 324943 79.01 79.05 77.88
11/14/2017 79.3 574711 79.31 79.8 79.15
11/13/2017 79.35 603091 78.54 79.65 78.48
11/10/2017 78.92 386623 78.33 79.11 78.28
11/9/2017 78.91 659618 79.81 80.13 78.77
11/8/2017 80.21 737488 80.52 80.635 79.72
11/7/2017 80.83 649400 82.39 82.61 80.73
11/6/2017 82.6 431941 82.32 82.7 81.74
11/3/2017 82.34 435541 83 83.3 81.94
11/2/2017 82.89 742869 81.78 82.95 81.28
11/1/2017 81.73 736407 81.81 82.415 81.52
10/31/2017 81.08 1065999 81.97 82.18 81.05
10/30/2017 82.14 662767 83.84 83.935 81.8
10/27/2017 84.27 839776 83.2 84.75 82.7
10/26/2017 83.13 633682 81.81 83.43 81.81
10/25/2017 81.5 787956 82.23 83.38 81.23
10/24/2017 81.9 1415270 84.07 84.745 81.005
10/23/2017 82.94 857382 83.55 83.72 82.35
10/20/2017 83.65 615634 83.18 83.89 82.65
10/19/2017 82.77 799624 81.04 82.87 80.57
10/18/2017 81.66 787768 80.26 81.8 80.1
10/17/2017 79.8 806957 79.45 80.03 78.68
10/16/2017 79.61 730314 81.21 81.57 78.655
10/13/2017 81.03 736553 84.5 84.56 80.82
10/12/2017 83.86 366811 83.13 84.18 82.9
10/11/2017 83.42 342700 83.98 84.27 83.27
10/10/2017 83.79 330904 83.89 84.05 83.43
10/9/2017 83.25 232987 83.46 83.91 82.685
10/6/2017 83.37 393670 83.19 83.93 83.13
10/5/2017 83.35 466634 82.94 83.68 82.65
10/4/2017 82.99 843985 84.67 84.76 82.96
10/3/2017 84.85 399180 84.98 85.315 84.4503
10/2/2017 84.89 602200 85 85.5 83.96
9/29/2017 84.55 393981 84.32 84.99 84.03
9/28/2017 84.01 302235 83.93 84.1878 83.47
9/27/2017 84.03 342878 83.75 84.235 83.21
9/26/2017 83.28 414179 82.49 83.89 82.49
9/25/2017 82.5 310789 82.34 82.77 82.09
9/22/2017 82.57 335771 81.76 82.65 81.57
9/21/2017 81.75 423401 81.14 81.97 80.82
9/20/2017 81.07 541893 79.9 81.18 79.85
9/19/2017 79.83 410156 79.99 80.12 79.29
9/18/2017 79.82 670040 79.8 80.43 79.7
9/15/2017 79.46 581316 79.45 79.73 78.8
9/14/2017 79.49 861580 80.2 81.19 79.36
9/13/2017 78.64 493569 79.65 79.65 78.42
9/12/2017 79.72 378512 79.31 79.8 78.92
9/11/2017 79.1 457515 79.53 79.53 78.52
9/8/2017 79.1 600703 78.9 79.25 78.55
9/7/2017 79 531112 78.52 79.13 78.4
9/6/2017 78.4 1340606 78.74 79.18 78.01
9/5/2017 78.54 577128 78.21 78.71 77.58
9/1/2017 78.21 654626 78.22 78.7 77.62
8/31/2017 77.6 791625 78.63 78.91 77.06
8/30/2017 78.54 828056 77.39 78.92 77.225
8/29/2017 77.39 735241 74.76 77.62 74.76
8/28/2017 75.25 386481 74.63 75.49 74.54
8/25/2017 74.3 424956 73.45 74.94 73.18
8/24/2017 73.02 353268 73.59 73.78 72.8
8/23/2017 73.28 327534 72.81 73.54 72.6001
8/22/2017 73.27 406869 72.45 73.36 72.22
8/21/2017 71.97 697049 71.91 72.35 71.74
8/18/2017 71.94 421431 72.17 72.78 71.78
8/17/2017 72.3 423934 73.17 73.67 72.24
8/16/2017 73.79 564640 74.42 74.86 73.69
8/15/2017 74.06 482987 74.07 74.42 73.61
8/14/2017 74.04 379777 73.41 74.52 73.24
8/11/2017 72.84 551009 71.08 73.19 71.05
8/10/2017 71.48 630057 72.41 72.75 71.42
8/9/2017 72.72 381535 72.25 72.74 71.82
8/8/2017 72.61 469331 73.12 73.99 72.56
8/7/2017 73.32 486480 72.77 73.51 72.38
8/4/2017 72.62 1692211 72 72.89 71.71
8/3/2017 71.77 522894 71.27 71.9 71.15
8/2/2017 71.26 1117101 70.54 71.62 70.24
8/1/2017 70.79 1631150 73.09 73.09 70.47
7/31/2017 72.76 714735 73.01 73.1 72.35
7/28/2017 72.71 694596 73.06 73.41 72.19
7/27/2017 73.17 1064188 76.99 76.99 72.88
7/26/2017 76.46 1399293 75.5 77.36 74.04
7/25/2017 73.54 1537236 73.11 74.75 73
7/24/2017 72.34 856817 72.48 72.695 71.99
7/21/2017 72.48 669888 72.01 73.06 71.29
7/20/2017 72.45 695395 73.37 73.37 71.88
7/19/2017 73.09 488815 72.99 73.24 72.705
7/18/2017 72.95 645154 73.02 73.24 72.54
7/17/2017 73.13 1163493 73.43 73.58 72.68
7/14/2017 73.55 693505 74.23 74.44 73.45
7/13/2017 73.81 641240 73.99 74.42 73.51
7/12/2017 73.76 694907 74.08 75.27 73.69
7/11/2017 73.59 813203 73.92 74 72.75
7/10/2017 74.02 681112 73.49 74.275 73.165
7/7/2017 73.71 808063 72.85 73.895 72.64
7/6/2017 72.54 1265650 72.69 73.25 72.01
7/5/2017 72.91 787080 73.2 73.55 72.53
7/3/2017 73.16 296771 72.32 73.3899 72.19
6/30/2017 71.98 580434 71.91 72.36 71.255
6/29/2017 71.85 644334 71.95 72.3084 71.03
6/28/2017 71.45 1179567 70.19 71.65 70.1
6/27/2017 69.6 575243 69.41 70.03 68.94
6/26/2017 69.4 487637 68.8 69.64 68.47
6/23/2017 68.51 956773 67.79 68.7 67.4
6/22/2017 67.67 534614 67.35 67.87 66.27
6/21/2017 67.36 612166 67.58 67.68 66.62
6/20/2017 67.4 666935 67.74 67.79 67.09
6/19/2017 68.15 909411 67.79 68.33 66.9
6/16/2017 67.15 9916818 67.59 67.68 66.475
6/15/2017 67.74 990973 66.99 67.9 66.9
6/14/2017 67.48 896894 67.9 68.16 67.08
6/13/2017 67.65 1398335 66.89 67.98 66.423
6/12/2017 66.68 1242562 65.54 67.07 65.54
6/9/2017 65.44 1580466 65.38 65.61 64.1
6/8/2017 65.11 1717895 66.15 66.4024 65.04
6/7/2017 66.4 458548 66.42 66.99 65.95
6/6/2017 66.09 313028 66.39 66.81 65.87
6/5/2017 66.61 507829 66.5 67.48 66.3
6/2/2017 66.7 460741 66.75 67.27 66.26
6/1/2017 66.62 601709 66.57 67.18 65.86
5/31/2017 66.42 544065 66.2 66.47 65.52
5/30/2017 66.2 358385 65.74 66.71 65.16
5/26/2017 65.81 512065 66.65 66.83 65.26
5/25/2017 66.85 684259 66.43 67.47 66.3
5/24/2017 66.27 1065448 64.88 66.49 64.21
5/23/2017 64.56 1074762 64 64.71 63.74
5/22/2017 63.93 454490 64 64.22 63.27
5/19/2017 63.51 452390 63.28 64.07 62.99
5/18/2017 63.04 522431 62.95 63.83 62.52
5/17/2017 63.6 707037 64.74 65.37 63.08
5/16/2017 65.67 493382 65.93 66.0009 65.23
5/15/2017 65.95 650082 65.52 66.52 65.52
5/12/2017 65.34 626288 66.39 66.41 65.05
5/11/2017 66.56 480170 66.9 67.11 65.97
5/10/2017 67.07 443870 67.25 67.56 66.8
5/9/2017 67.45 415509 67.62 68.04 67.27
5/8/2017 67.73 595272 68.68 68.75 67.38
5/5/2017 68.7 427671 68.51 68.82 68.24
5/4/2017 68.37 416151 68.66 68.88 67.84
5/3/2017 68.48 673347 68.66 68.79 67.69
5/2/2017 68.75 625488 68.17 68.81 67.46
5/1/2017 68.07 694745 68.16 68.46 67.295
4/28/2017 67.91 829822 68.67 68.76 67.39
4/27/2017 68.63 1033230 68.04 69.095 67.47
4/26/2017 68.09 1764010 68.23 68.65 67.25
4/25/2017 68.28 4069793 72.15 72.49 68.2
4/24/2017 79.28 980845 78.88 79.63 78.64
4/21/2017 77.65 715036 76.38 77.75 76.07
4/20/2017 76.63 470033 75.62 76.79 75.23
4/19/2017 74.96 339201 75.28 75.86 74.8303
4/18/2017 74.78 298475 74.57 75.02 74.237
4/17/2017 75.01 489378 73.86 75.06 73.58
4/13/2017 73.6 429757 74.36 74.91 73.44
4/12/2017 74.51 542935 76.55 76.55 74.4
4/11/2017 76.69 499996 77.15 77.15 75.875
4/10/2017 77.45 542037 75.84 77.83 75.84
4/7/2017 75.43 438892 75.9 76.04 75.2
4/6/2017 76.09 567697 74.98 76.65 74.55
4/5/2017 75.11 681856 75.1 76.23 74.98
4/4/2017 74.76 292861 74.42 75.04 73.97
4/3/2017 74.45 434696 75.48 76.09 74.29
3/31/2017 75.44 285286 75.29 76.1 75.19
3/30/2017 75.58 311772 75.22 75.89 75.18
3/29/2017 75.14 282215 74.66 75.43 74.34
3/28/2017 74.97 724858 72.64 75.62 72.64
3/27/2017 72.91 623208 71.09 72.97 70.89
3/24/2017 72.39 420572 72.84 73.34 71.83
3/23/2017 72.84 485593 73.01 73.7 72.66
3/22/2017 72.99 573936 72.69 73.55 72.26
3/21/2017 72.66 655054 74.52 74.52 71.62
3/20/2017 74.15 541417 75.29 75.29 73.92
3/17/2017 75.23 672448 75.85 75.96 74.74
3/16/2017 75.64 490624 76.51 76.87 75.22
3/15/2017 76.36 599479 74.88 76.73 74.575
3/14/2017 74.65 611890 74.67 74.84 73.32
3/13/2017 75.17 580355 76.17 76.78 74.93
3/10/2017 76.17 419755 75.64 76.34 75.27
3/9/2017 74.99 499517 75.55 76.41 74.35
3/8/2017 75.63 533812 76.37 76.4 75.41
3/7/2017 76.07 620040 76.35 77.21 76.04
3/6/2017 76.81 677998 76.07 77.31 76.07
3/3/2017 76.86 412187 76.29 77.08 75.78
3/2/2017 76.62 501204 77.56 77.83 76.5
3/1/2017 77.79 575656 77.07 78.49 77.07
2/28/2017 76.15 480328 76.32 76.48 75.77
2/27/2017 76.4 776099 75.87 76.87 75.87
2/24/2017 75.87 947856 74.02 75.99 73.61
2/23/2017 74.99 971599 77.55 77.55 73.87
2/22/2017 76.77 573767 76.4 77.51 76.07
2/21/2017 76.99 689469 77.37 78 76.85
2/17/2017 77.17 603695 76.73 77.55 76.55
2/16/2017 77.27 907389 78.57 78.57 76.38
2/15/2017 78.46 946499 76.78 79.17 76.775
2/14/2017 76.6 609561 76.77 77.51 76.5
2/13/2017 77.17 616237 76.54 77.9 76.54
2/10/2017 76.49 539037 75.96 76.87 75.72
2/9/2017 75.46 663541 74.62 75.99 74.62
2/8/2017 74.31 721993 74.15 74.62 72.93
2/7/2017 74.33 747286 74.43 75.14 73.86
2/6/2017 74.23 1118541 73.39 75.2 73.39
2/3/2017 74.01 1655434 71.91 74.35 71.85
2/2/2017 71.81 3022644 74.05 75 70.94
2/1/2017 77.84 1008909 78 79.26 76.67
1/31/2017 77.6 564369 77.83 78.02 76.39
1/30/2017 78.05 748006 77.31 78.165 76.55
1/27/2017 78.06 315119 77.3 78.09 76.64
1/26/2017 77.33 429214 78.02 78.45 77.065
1/25/2017 78.29 590115 76.8 78.49 76.8
1/24/2017 76.47 567350 75.15 76.96 74.65
1/23/2017 74.83 450002 74.6 75.2 73.91
1/20/2017 74.67 378654 74.28 74.92 74.14
1/19/2017 74.09 571740 76.28 76.53 73.9
1/18/2017 75.76 451093 75 75.97 74.6
1/17/2017 75 397331 77.03 77.03 74.74
1/13/2017 77.03 449437 76.73 77.43 76.43
1/12/2017 76.21 378184 76.43 76.73 74.98
1/11/2017 76.48 374520 75.83 76.549 75.38
1/10/2017 75.63 352625 75.46 76.38 75.175
1/9/2017 75.31 555728 75.66 75.89 74.61
1/6/2017 76.03 564517 75.39 76.25 74.965
1/5/2017 75.41 521023 75.8 76.39 74.31
1/4/2017 76.12 598893 75.72 76.17 74.65
1/3/2017 75.35 808812 75.03 76.16 73.88
