date close volume open high low
2018/12/31 0.8500 310567.0000 0.8200 0.8577 0.8000
2018/12/28 0.8109 240489.0000 0.8190 0.8300 0.7860
2018/12/27 0.7869 243406.0000 0.8100 0.8620 0.7800
2018/12/26 0.8000 183198.0000 0.7610 0.8360 0.7600
2018/12/24 0.7650 220135.0000 0.8100 0.8500 0.7600
2018/12/21 0.8445 237769.0000 0.8200 0.8445 0.8100
2018/12/20 0.8511 415153.0000 0.9050 0.9054 0.8200
2018/12/19 0.9397 332997.0000 1.0000 1.0000 0.9192
2018/12/18 1.0200 161259.0000 1.0500 1.0549 1.0100
2018/12/17 1.0300 158778.0000 1.0300 1.0800 1.0200
2018/12/14 1.0300 199269.0000 1.0800 1.1000 1.0300
2018/12/13 1.0800 62040.0000 1.1000 1.1100 1.0700
2018/12/12 1.1100 145753.0000 1.0500 1.1100 1.0300
2018/12/11 1.0700 140883.0000 1.0900 1.1000 1.0500
2018/12/10 1.1000 180265.0000 1.0800 1.1000 1.0600
2018/12/07 1.0800 283236.0000 1.1000 1.1300 1.0800
2018/12/06 1.1200 1140568.0000 1.1500 1.2000 1.0650
2018/12/04 1.1300 137004.0000 1.1600 1.1700 1.1100
2018/12/03 1.1500 321039.0000 1.1700 1.1993 1.1300
2018/11/30 1.1500 317017.0000 1.1200 1.1700 1.1024
2018/11/29 1.1200 119554.0000 1.0800 1.1300 1.0800
2018/11/28 1.1100 146761.0000 1.1000 1.1245 1.0700
2018/11/27 1.1000 254569.0000 1.0800 1.1300 1.0700
2018/11/26 1.1200 470282.0000 1.1600 1.1800 1.0800
2018/11/23 1.1300 346383.0000 1.1000 1.1700 1.1000
2018/11/21 1.1000 679798.0000 1.0600 1.1500 1.0600
2018/11/20 1.0700 213211.0000 1.0700 1.0900 1.0600
2018/11/19 1.0600 264034.0000 1.0900 1.1022 1.0400
2018/11/16 1.0800 214989.0000 1.1200 1.1200 1.0800
2018/11/15 1.1300 248975.0000 1.1300 1.1300 1.0800
2018/11/14 1.0950 818246.0000 1.1400 1.1600 1.0700
2018/11/13 1.1500 241708.0000 1.2000 1.2199 1.1500
2018/11/12 1.1900 952040.0000 1.2100 1.2500 1.1200
2018/11/09 1.1500 332167.0000 1.1900 1.2000 1.1300
2018/11/08 1.2000 408420.0000 1.1800 1.2200 1.1600
2018/11/07 1.1900 289124.0000 1.1800 1.2000 1.1800
2018/11/06 1.1800 350783.0000 1.2300 1.2700 1.1800
2018/11/05 1.2500 284008.0000 1.2200 1.2500 1.2000
2018/11/02 1.2200 340143.0000 1.2500 1.2600 1.1800
2018/11/01 1.2900 1721112.0000 1.1700 1.3200 1.1700
2018/10/31 1.1800 455519.0000 1.1300 1.2000 1.1300
2018/10/30 1.1700 735821.0000 1.1000 1.2000 1.0500
2018/10/29 1.1700 887242.0000 1.2300 1.2600 1.1300
2018/10/26 1.2200 1104353.0000 1.1300 1.2460 1.1100
2018/10/25 1.1700 728329.0000 1.1500 1.1800 1.1000
2018/10/24 1.1400 777651.0000 1.2000 1.2700 1.1200
2018/10/23 1.2200 636646.0000 1.2200 1.2600 1.1900
2018/10/22 1.2400 914165.0000 1.2700 1.3171 1.1800
2018/10/19 1.2900 1087153.0000 1.3600 1.4200 1.2600
2018/10/18 1.3400 4087752.0000 1.2300 1.4400 1.1705
2018/10/17 1.2200 892621.0000 1.2200 1.2600 1.1900
2018/10/16 1.2100 739464.0000 1.2000 1.2400 1.1600
2018/10/15 1.2000 865820.0000 1.2500 1.2700 1.1501
2018/10/12 1.2900 807790.0000 1.3600 1.3700 1.2600
2018/10/11 1.3200 1265349.0000 1.2400 1.3400 1.2000
2018/10/10 1.2600 1396587.0000 1.3200 1.3400 1.2400
2018/10/09 1.3800 6824010.0000 1.2500 1.6700 1.1900
2018/10/08 1.2900 1846716.0000 1.2000 1.3000 1.1600
2018/10/05 1.3200 7052875.0000 1.4300 1.5500 1.2600
2018/10/04 1.2600 25433300.0000 2.1900 2.2300 1.1200
2018/10/03 2.9000 58671730.0000 1.2100 2.9900 1.2100
2018/10/02 0.9649 657084.0000 1.0200 1.0548 0.9510
2018/10/01 1.0100 436932.0000 1.0500 1.0600 1.0100
2018/09/28 1.0100 345281.0000 1.0300 1.0500 1.0000
2018/09/27 1.0200 887734.0000 1.1100 1.1100 1.0000
2018/09/26 1.0800 1843690.0000 1.0000 1.1200 0.9801
2018/09/25 0.9900 852369.0000 0.9780 1.0400 0.9560
2018/09/24 0.9570 230313.0000 0.9520 0.9700 0.9350
2018/09/21 0.9540 205600.0000 0.9747 0.9773 0.9401
2018/09/20 0.9611 267424.0000 0.9820 0.9899 0.9600
2018/09/19 0.9601 233629.0000 0.9700 0.9760 0.9480
2018/09/18 0.9550 171607.0000 0.9500 0.9650 0.9300
2018/09/17 0.9450 313132.0000 0.9480 0.9600 0.9250
2018/09/14 0.9504 341696.0000 0.9500 0.9595 0.9300
2018/09/13 0.9586 443020.0000 0.9848 1.0100 0.9500
2018/09/12 0.9701 1359234.0000 0.9700 1.0400 0.9602
2018/09/11 0.9688 797057.0000 0.9600 0.9799 0.9230
2018/09/10 0.9677 864452.0000 0.9200 1.0100 0.9200
2018/09/07 0.9600 426358.0000 0.9498 0.9600 0.9173
2018/09/06 0.9449 454772.0000 0.9500 0.9700 0.9151
2018/09/05 0.9707 649946.0000 0.9500 0.9798 0.9200
2018/09/04 0.9797 953341.0000 1.0400 1.0500 0.9400
2018/08/31 1.0200 1822084.0000 1.0300 1.0900 1.0200
2018/08/30 1.0100 1197364.0000 0.9900 1.0300 0.9500
2018/08/29 0.9800 1449297.0000 1.0500 1.0500 0.9500
2018/08/28 1.0300 2279123.0000 0.9221 1.0400 0.9050
2018/08/27 0.9322 728536.0000 0.9799 0.9799 0.9050
2018/08/24 0.9584 1909194.0000 0.8800 0.9800 0.8501
2018/08/23 0.8730 655891.0000 0.8800 0.8999 0.8400
2018/08/22 0.8650 1100411.0000 0.8500 0.9100 0.8100
2018/08/21 0.8230 1719745.0000 0.9240 0.9300 0.8098
2018/08/20 0.9000 1171763.0000 0.9500 0.9571 0.9000
2018/08/17 0.9166 2961742.0000 1.0900 1.0900 0.8800
2018/08/16 1.0300 10419170.0000 1.0100 1.1000 0.9750
2018/08/15 1.9700 18863540.0000 1.3000 2.3400 1.2100
2018/08/14 1.1100 223082.0000 1.1600 1.2487 1.0201
2018/08/13 1.2211 615004.0000 1.1200 1.3168 1.1000
2018/08/10 1.1300 197077.0000 1.2100 1.2100 1.0800
2018/08/09 1.1900 132940.0000 1.1100 1.2300 1.1100
2018/08/08 1.1600 325433.0000 1.2400 1.2500 1.0565
2018/08/07 1.2500 736720.0000 1.2500 1.3400 1.2400
2018/08/06 1.2500 1693730.0000 2.1800 2.1819 1.2200
2018/08/03 2.4100 128895.0000 2.5300 2.5300 2.2700
2018/08/02 2.3900 231143.0000 2.7000 2.7000 2.3700
2018/08/01 2.5000 313151.0000 2.2400 2.5300 2.2400
2018/07/31 2.2400 11385.0000 2.2200 2.2700 2.2200
2018/07/30 2.2200 58860.0000 2.1700 2.2879 2.1700
2018/07/27 2.2000 102723.0000 2.1500 2.2100 2.1153
2018/07/26 2.2200 56925.0000 2.2300 2.2500 2.1600
2018/07/25 2.2100 31906.0000 2.2391 2.2391 2.1700
2018/07/24 2.2200 46077.0000 2.1900 2.2600 2.1718
2018/07/23 2.2000 52757.0000 2.2600 2.2800 2.1640
2018/07/20 2.2100 77888.0000 2.2500 2.2800 2.2000
2018/07/19 2.2300 176576.0000 2.1500 2.2900 2.0300
2018/07/18 2.1700 153716.0000 2.3200 2.3200 2.1600
2018/07/17 2.2900 48644.0000 2.2600 2.3100 2.2500
2018/07/16 2.2600 93834.0000 2.3500 2.3794 2.2400
2018/07/13 2.4000 87293.0000 2.3500 2.4200 2.3400
2018/07/12 2.4200 128418.0000 2.4600 2.4800 2.3500
2018/07/11 2.4300 152476.0000 2.4000 2.4600 2.3100
2018/07/10 2.4600 254464.0000 2.5900 2.6900 2.4000
2018/07/09 2.6000 1271164.0000 2.5400 2.9200 2.5000
2018/07/06 2.5000 481124.0000 2.5000 2.5319 2.2600
2018/07/05 2.5900 1943577.0000 2.1800 2.7500 2.1600
2018/07/03 2.1500 187216.0000 2.1400 2.1500 2.0610
2018/07/02 2.0900 221774.0000 2.0600 2.1700 2.0500
2018/06/29 2.0600 557385.0000 2.2600 2.3190 2.0418
2018/06/28 2.2550 398044.0000 2.4000 2.4500 2.2500
2018/06/27 2.4350 2280120.0000 2.1600 2.8300 2.1200
2018/06/26 8.5300 0.0000 8.5300 8.5300 8.5300
2018/06/25 8.5300 153948.0000 8.3500 8.7600 8.3500
2018/06/22 8.2300 493178.0000 7.1100 8.2900 6.3563
2018/06/21 9.2800 67761.0000 9.5300 9.5900 9.1900
2018/06/20 9.4700 62114.0000 9.4500 9.5882 9.0635
2018/06/19 9.4700 105437.0000 10.0800 10.0987 9.3410
2018/06/18 10.0900 27311.0000 10.0400 10.1500 10.0400
2018/06/15 10.1700 48916.0000 10.1600 10.2400 10.0100
2018/06/14 10.1800 51681.0000 10.3500 10.3590 10.1500
2018/06/13 10.2900 25639.0000 10.2800 10.3300 10.2000
2018/06/12 10.1900 103188.0000 10.2220 10.4800 10.1500
2018/06/11 10.1700 19844.0000 10.3200 10.3200 10.1400
2018/06/08 10.2500 94112.0000 10.1100 10.5400 10.0101
2018/06/07 10.0500 261834.0000 9.9493 10.4685 9.9400
2018/06/06 9.9800 288808.0000 9.7600 10.1800 9.6310
2018/06/05 9.7800 40416.0000 10.0000 10.1100 9.7600
2018/06/04 9.9100 37749.0000 10.0000 10.2390 9.8500
2018/06/01 9.9800 20152.0000 9.9666 10.1500 9.9357
2018/05/31 9.9600 33588.0000 10.0400 10.0672 9.7610
2018/05/30 9.9800 44000.0000 10.2500 10.5499 9.8700
2018/05/29 10.1400 123867.0000 10.2100 10.8000 10.0500
2018/05/25 10.1900 125668.0000 9.6600 10.3400 9.6600
2018/05/24 9.6600 43309.0000 9.9700 10.0728 9.6500
2018/05/23 9.8700 21456.0000 9.7800 9.9500 9.7230
2018/05/22 9.7000 50786.0000 9.9900 9.9900 9.5600
2018/05/21 9.9600 81328.0000 10.2700 10.2700 9.7898
2018/05/18 10.1500 39024.0000 10.4700 10.5790 10.1200
2018/05/17 10.4100 169994.0000 10.4500 10.8685 10.1230
2018/05/16 10.6200 314887.0000 9.1800 10.7320 9.1800
2018/05/15 9.1800 62732.0000 8.9800 9.2400 8.9000
2018/05/14 9.0400 63088.0000 9.1100 9.3400 8.6800
2018/05/11 9.1100 59526.0000 9.0200 9.2700 8.7600
2018/05/10 9.0700 439143.0000 8.3000 9.8700 8.3000
2018/05/09 8.2400 25758.0000 8.1100 8.4600 8.1100
2018/05/08 8.1100 24332.0000 8.2378 8.3924 8.0400
2018/05/07 8.3900 34931.0000 8.2900 8.4200 8.2900
2018/05/04 8.2800 16896.0000 8.3600 8.3900 8.1939
2018/05/03 8.4000 17402.0000 8.4700 8.4700 8.0700
2018/05/02 8.4200 56009.0000 8.3800 8.6800 8.3202
2018/05/01 8.3800 29977.0000 8.0700 8.4021 8.0700
2018/04/30 8.0500 46941.0000 8.0700 8.3500 8.0300
2018/04/27 8.0300 29410.0000 7.8900 8.0600 7.7799
2018/04/26 7.9300 30374.0000 7.9600 8.1084 7.8400
2018/04/25 7.8500 12911.0000 7.6900 7.8500 7.5000
2018/04/24 7.7000 30984.0000 7.7400 7.8700 7.5200
2018/04/23 7.7800 13961.0000 7.8700 7.8700 7.6300
2018/04/20 7.8300 13127.0000 7.8500 7.8899 7.7200
2018/04/19 7.8500 14006.0000 7.7416 7.8600 7.5536
2018/04/18 7.7000 70917.0000 7.8400 7.9512 7.3400
2018/04/17 7.9900 41073.0000 8.1500 8.2800 7.8000
2018/04/16 8.1600 41986.0000 8.4000 8.5575 8.1600
2018/04/13 8.5099 116459.0000 8.2300 8.6050 8.0000
2018/04/12 8.2200 61339.0000 8.0500 8.2200 7.9000
2018/04/11 8.0400 120239.0000 7.4900 8.1932 7.3541
2018/04/10 7.4100 39340.0000 7.3000 7.4700 7.1200
2018/04/09 7.2900 31129.0000 7.4200 7.4200 7.0600
2018/04/06 7.3800 43105.0000 7.2900 7.4990 7.1902
2018/04/05 7.4600 27132.0000 7.3300 7.5000 7.1797
2018/04/04 7.1700 111127.0000 6.8800 7.6899 6.8800
2018/04/03 6.9000 31611.0000 6.9000 7.1110 6.9000
2018/04/02 6.9400 45427.0000 7.1100 7.1100 6.5600
2018/03/29 7.0900 111720.0000 6.5700 7.2100 6.5200
2018/03/28 6.5200 36793.0000 6.5200 6.8190 6.4800
2018/03/27 6.5200 64965.0000 6.6000 6.8600 6.4600
2018/03/26 6.8000 101221.0000 6.6700 7.1500 6.4100
2018/03/23 6.6600 73666.0000 6.8900 6.9000 6.5600
2018/03/22 6.9200 26036.0000 7.0300 7.1200 6.8200
2018/03/21 6.9500 33500.0000 6.9436 7.0984 6.8500
2018/03/20 6.9400 52178.0000 7.0400 7.1500 6.8600
2018/03/19 6.9900 38756.0000 7.2500 7.4150 6.8200
2018/03/16 7.1500 72731.0000 6.9100 7.2900 6.9100
2018/03/15 6.9500 86635.0000 7.1800 7.4390 6.8200
2018/03/14 7.2300 38176.0000 7.3500 7.4200 7.2000
2018/03/13 7.2900 68854.0000 7.3700 7.5600 7.2010
2018/03/12 7.4100 336596.0000 7.9000 8.1500 7.2599
2018/03/09 7.7600 280482.0000 7.1900 7.9499 7.1900
2018/03/08 7.1600 78838.0000 6.9500 7.1900 6.8500
2018/03/07 7.0200 38097.0000 6.8700 7.1090 6.7900
2018/03/06 6.8600 48700.0000 7.2800 7.2800 6.8134
2018/03/05 7.1800 96587.0000 7.4400 7.4900 7.0641
2018/03/02 7.4400 237165.0000 6.7900 7.4890 6.7900
2018/03/01 6.7800 877841.0000 6.7000 7.9600 6.4000
2018/02/28 6.5000 139634.0000 6.1800 6.8695 6.1300
2018/02/27 6.1300 25581.0000 6.2000 6.3500 6.1000
2018/02/26 6.2300 83732.0000 6.2500 6.4000 6.1100
2018/02/23 6.1600 66893.0000 6.0700 6.3100 6.0550
2018/02/22 6.1200 44648.0000 6.1000 6.2000 6.0500
2018/02/21 6.1300 33267.0000 6.3500 6.3500 6.1200
2018/02/20 6.2500 29847.0000 6.3000 6.3800 6.2113
2018/02/16 6.2800 29568.0000 6.3600 6.4899 6.2700
2018/02/15 6.3500 39940.0000 6.6600 6.6600 6.1300
2018/02/14 6.3900 46440.0000 6.1800 6.5890 6.1800
2018/02/13 6.1900 51445.0000 6.1100 6.3400 6.0210
2018/02/12 5.9500 59263.0000 6.2300 6.3490 5.9500
2018/02/09 6.1800 88003.0000 6.1200 6.2239 5.9100
2018/02/08 6.2400 47458.0000 6.4400 6.7200 6.1000
2018/02/07 6.4400 99263.0000 6.1000 6.4700 5.8500
2018/02/06 5.9500 64125.0000 5.7500 6.1115 5.7500
2018/02/05 5.9100 90157.0000 6.2000 6.3000 5.9000
2018/02/02 6.3000 52962.0000 6.4500 6.5069 6.2100
2018/02/01 6.5100 165984.0000 6.9900 6.9900 6.2710
2018/01/31 7.0100 108944.0000 7.1700 7.4344 6.8900
2018/01/30 7.1800 65001.0000 7.0100 7.2500 7.0000
2018/01/29 7.0800 98360.0000 7.3400 7.4114 7.0500
2018/01/26 7.2900 59048.0000 7.3400 7.6515 7.2010
2018/01/25 7.4500 91911.0000 7.6700 7.7300 7.4000
2018/01/24 7.6700 114907.0000 7.8200 7.9500 7.6100
2018/01/23 7.8800 91314.0000 8.0200 8.0200 7.7100
2018/01/22 7.8900 170276.0000 7.6600 8.1500 7.5300
2018/01/19 7.7900 127593.0000 7.7100 8.1490 7.7100
2018/01/18 7.7900 173975.0000 7.8100 8.2200 7.5110
2018/01/17 7.9100 303644.0000 7.0000 8.0490 7.0000
2018/01/16 7.0200 316581.0000 7.7500 7.8800 6.8800
2018/01/12 7.8000 368037.0000 8.3500 8.4100 7.5800
2018/01/11 8.5100 897172.0000 8.7400 9.6000 8.3500
2018/01/10 9.2200 3714479.0000 8.3600 9.6899 7.3700
2018/01/09 9.0400 31533850.0000 5.6000 12.8000 5.5500
2018/01/08 4.4500 26560.0000 4.4000 4.5600 4.1958
2018/01/05 4.3400 87087.0000 4.3700 4.5500 4.2808
2018/01/04 4.3600 164257.0000 4.0900 4.3700 4.0900
2018/01/03 4.1100 23182.0000 4.0900 4.1700 4.0200
2018/01/02 4.0900 74754.0000 4.0500 4.2200 3.8803
2017/12/29 4.0000 337084.0000 4.1300 4.2300 3.7900
2017/12/28 4.1600 26582.0000 4.1150 4.2300 4.1000
2017/12/27 4.2600 45314.0000 4.2300 4.3000 4.1234
2017/12/26 4.2300 34354.0000 4.2600 4.2800 4.1200
2017/12/22 4.2300 88531.0000 4.1510 4.3000 4.1100
2017/12/21 4.2500 105033.0000 4.1400 4.2600 4.0100
2017/12/20 4.1100 32320.0000 4.0900 4.2290 4.0500
2017/12/19 4.2100 33279.0000 4.1800 4.2800 4.1200
2017/12/18 4.2000 126170.0000 4.4500 4.5200 4.1500
2017/12/15 4.1900 34752.0000 4.3000 4.3000 4.1100
2017/12/14 4.2000 258800.0000 4.4000 4.7500 4.1400
2017/12/13 4.2500 19959.0000 4.2500 4.3196 4.1458
2017/12/12 4.2100 24115.0000 4.1600 4.3400 4.1600
2017/12/11 4.1700 14121.0000 4.1800 4.3112 4.1300
2017/12/08 4.2400 82433.0000 4.0900 4.4300 4.0001
2017/12/07 4.0500 17497.0000 4.0900 4.2000 4.0500
2017/12/06 4.1000 46667.0000 4.2200 4.2200 4.0101
2017/12/05 4.1900 44998.0000 4.1200 4.2200 4.1000
2017/12/04 4.1000 70960.0000 4.0600 4.1800 4.0000
2017/12/01 4.0600 26730.0000 4.0600 4.0600 3.9300
2017/11/30 4.0200 75542.0000 3.9800 4.1000 3.9300
2017/11/29 3.9900 59477.0000 3.9200 4.1300 3.9128
2017/11/28 3.8600 23210.0000 3.9255 3.9255 3.8500
2017/11/27 3.9200 87503.0000 3.8000 3.9513 3.8000
2017/11/24 3.9600 17260.0000 3.9600 3.9600 3.9000
2017/11/22 3.9000 29420.0000 3.9000 3.9500 3.8500
2017/11/21 3.8500 20942.0000 3.9000 3.9000 3.8300
2017/11/20 3.8653 46259.0000 3.9700 3.9700 3.8300
2017/11/17 3.9700 65147.0000 3.9000 3.9900 3.8400
2017/11/16 3.8900 71444.0000 3.9500 4.0200 3.8700
2017/11/15 3.9186 59360.0000 3.8300 3.9500 3.7600
2017/11/14 3.8300 96221.0000 3.8400 3.9500 3.6452
2017/11/13 3.7800 127564.0000 3.7300 3.9200 3.6500
2017/11/10 3.7900 121053.0000 3.5070 3.8400 3.4900
2017/11/09 3.5600 22104.0000 3.5200 3.5899 3.4801
2017/11/08 3.5200 92266.0000 3.5700 3.6000 3.5200
2017/11/07 3.6200 162135.0000 3.7000 3.7000 3.5500
2017/11/06 3.6500 109555.0000 3.5100 3.8900 3.5100
2017/11/03 3.4700 89039.0000 3.4000 3.5400 3.3500
2017/11/02 3.4400 88050.0000 3.3000 3.5489 3.2754
2017/11/01 3.4200 143903.0000 3.3800 3.8000 3.3300
2017/10/31 3.5300 121000.0000 3.4800 3.6000 3.3800
2017/10/30 3.4700 634253.0000 3.8000 4.0390 3.1000
2017/10/27 3.8700 175793.0000 4.0600 4.0600 3.8200
2017/10/26 4.0700 663984.0000 4.3600 4.3631 3.8000
2017/10/25 4.3700 696509.0000 4.6200 4.7400 4.2000
2017/10/24 4.7600 19139790.0000 4.2000 6.4900 3.9400
2017/10/23 3.7401 28146.0000 3.8500 3.9500 3.6883
2017/10/20 3.8350 49131.0000 4.0223 4.0599 3.7900
2017/10/19 4.0600 39806.0000 4.0500 4.2690 4.0500
2017/10/18 4.0000 43035.0000 4.1200 4.1500 3.8577
2017/10/17 4.1000 46092.0000 4.3800 4.3800 4.0500
2017/10/16 4.4200 54345.0000 4.5500 4.5900 4.2000
2017/10/13 4.5900 44606.0000 4.4300 4.5900 4.4000
2017/10/12 4.4600 77567.0000 4.6200 4.7000 4.4101
2017/10/11 4.6500 116606.0000 4.8000 4.8400 4.4500
2017/10/10 4.8290 219766.0000 4.2500 4.8500 4.2400
2017/10/09 4.2300 26868.0000 4.2300 4.2574 4.1200
2017/10/06 4.2500 37093.0000 4.2400 4.2600 4.2101
2017/10/05 4.2000 64382.0000 4.1600 4.2500 4.1500
2017/10/04 4.1000 37648.0000 3.9900 4.2900 3.8900
2017/10/03 4.0300 49882.0000 4.1300 4.1300 3.9500
2017/10/02 4.1600 18205.0000 4.1001 4.2000 4.1001
2017/09/29 4.0700 28255.0000 4.0800 4.2500 4.0200
2017/09/28 4.1200 27288.0000 4.0600 4.1200 4.0301
2017/09/27 4.0900 23905.0000 4.0500 4.1500 3.9600
2017/09/26 4.0600 20675.0000 4.1000 4.2400 4.0408
2017/09/25 4.2100 43748.0000 4.1600 4.2600 4.1500
2017/09/22 4.1500 20413.0000 4.0000 4.2000 4.0000
2017/09/21 4.0700 11830.0000 4.0860 4.1000 4.0500
2017/09/20 4.1000 19466.0000 4.1300 4.2708 4.0401
2017/09/19 4.1300 35033.0000 4.3000 4.3000 4.0110
2017/09/18 4.2500 192349.0000 4.3000 4.3000 4.0798
2017/09/15 3.8900 28400.0000 3.8000 3.8983 3.6660
2017/09/14 3.7600 115383.0000 3.3800 3.8600 3.3029
2017/09/13 3.4000 67156.0000 3.2400 3.4800 3.2400
2017/09/12 3.2450 32448.0000 3.1800 3.2500 3.1500
2017/09/11 3.1800 19305.0000 3.2100 3.2300 3.1699
2017/09/08 3.2300 19721.0000 3.2200 3.2314 3.2000
2017/09/07 3.2300 13703.0000 3.2200 3.2700 3.2200
2017/09/06 3.2200 20016.0000 3.2100 3.2600 3.2100
2017/09/05 3.2000 23795.0000 3.2400 3.2600 3.1500
2017/09/01 3.2300 7933.0000 3.3100 3.3100 3.2000
2017/08/31 3.2100 24691.0000 3.2800 3.3200 3.2000
2017/08/30 3.2700 14247.0000 3.2400 3.3000 3.2000
2017/08/29 3.2300 18669.0000 3.2300 3.2735 3.2000
2017/08/28 3.2200 25831.0000 3.2900 3.3500 3.2200
2017/08/25 3.2500 16043.0000 3.2400 3.3200 3.2100
2017/08/24 3.2400 33648.0000 3.2700 3.3100 3.2200
2017/08/23 3.2400 31259.0000 3.3300 3.3300 3.2100
2017/08/22 3.2200 35182.0000 3.2800 3.3400 3.2200
2017/08/21 3.3100 26352.0000 3.3400 3.3900 3.2856
2017/08/18 3.3600 11727.0000 3.2500 3.3600 3.2500
2017/08/17 3.2400 30129.0000 3.4000 3.4117 3.1800
2017/08/16 3.3200 15029.0000 3.2700 3.4300 3.2700
2017/08/15 3.2901 23111.0000 3.3900 3.4078 3.2691
2017/08/14 3.3900 24963.0000 3.2200 3.4000 3.2130
2017/08/11 3.1800 22338.0000 3.2100 3.2500 3.1500
2017/08/10 3.2200 26853.0000 3.2800 3.4000 3.2100
2017/08/09 3.2800 35339.0000 3.3500 3.3500 3.2600
2017/08/08 3.3800 15626.0000 3.3800 3.5000 3.3700
2017/08/07 3.3800 23707.0000 3.4900 3.5400 3.3600
2017/08/04 3.4720 45110.0000 3.3000 3.6500 3.3000
2017/08/03 3.3000 30761.0000 3.4500 3.4600 3.2510
2017/08/02 3.4400 36759.0000 3.4000 3.5500 3.3000
2017/08/01 3.4400 31379.0000 3.4100 3.4500 3.3800
2017/07/31 3.4100 53914.0000 3.5500 3.6100 3.2800
2017/07/28 3.3700 69365.0000 3.4000 3.4500 3.1000
2017/07/27 3.4500 42077.0000 3.5900 3.6000 3.4000
2017/07/26 3.5500 16026.0000 3.5400 3.7000 3.5400
2017/07/25 3.5100 26864.0000 3.6600 3.8020 3.4900
2017/07/24 3.6600 49571.0000 3.6400 3.7300 3.5600
2017/07/21 3.5500 62033.0000 3.6100 3.9700 3.5500
2017/07/20 3.6547 45558.0000 3.7300 3.8700 3.5901
2017/07/19 3.7700 45524.0000 3.6500 3.7700 3.5400
2017/07/18 3.6700 71789.0000 3.8300 4.0000 3.5900
2017/07/17 3.8500 47886.0000 3.7700 3.9430 3.7700
2017/07/14 3.7600 61432.0000 3.9100 4.1746 3.7600
2017/07/13 3.9300 21465.0000 3.8700 3.9420 3.8000
2017/07/12 3.8400 82299.0000 3.8100 3.9220 3.7600
2017/07/11 3.8100 47625.0000 3.9300 3.9662 3.8000
2017/07/10 3.9000 15870.0000 3.9300 3.9800 3.8500
2017/07/07 3.9000 46550.0000 3.9800 3.9900 3.8700
2017/07/06 3.9200 23961.0000 4.0200 4.1100 3.9100
2017/07/05 4.0400 25873.0000 4.0900 4.1400 4.0200
2017/07/03 4.0600 33235.0000 4.1400 4.1650 3.9200
2017/06/30 4.1500 15475.0000 4.1100 4.1950 4.1000
2017/06/29 4.1100 14233.0000 4.2000 4.2392 4.0500
2017/06/28 4.2000 13646.0000 4.1500 4.2500 4.1300
2017/06/27 4.1300 21960.0000 4.0400 4.2000 4.0400
2017/06/26 4.0500 21470.0000 4.0500 4.1100 4.0000
2017/06/23 4.0000 56738.0000 4.2500 4.2800 3.9200
2017/06/22 4.2400 42351.0000 4.0900 4.3500 4.0313
2017/06/21 4.1800 20880.0000 4.1300 4.3800 4.0000
2017/06/20 4.1300 18997.0000 4.1500 4.1999 4.0600
2017/06/19 4.2000 21698.0000 4.0800 4.2500 3.9600
2017/06/16 4.1000 34368.0000 3.9700 4.1000 3.9100
2017/06/15 3.9800 29270.0000 4.0600 4.0600 3.8500
2017/06/14 4.0700 11069.0000 4.1500 4.3480 4.0500
2017/06/13 4.1500 43925.0000 4.1000 4.3475 3.9401
2017/06/12 4.1100 14933.0000 4.0200 4.1700 4.0200
2017/06/09 4.0241 84609.0000 3.8700 4.1800 3.8001
2017/06/08 3.8700 26872.0000 3.7700 3.9000 3.7100
2017/06/07 3.7800 94709.0000 3.7000 3.8300 3.4583
2017/06/06 3.6800 24888.0000 3.6200 3.7307 3.5600
2017/06/05 3.6400 137875.0000 3.5900 3.8700 3.4500
2017/06/02 3.6100 115887.0000 3.7000 3.7810 3.3899
2017/06/01 3.6800 79407.0000 3.8900 3.9000 3.6400
2017/05/31 3.7578 104761.0000 3.9100 4.0107 3.6837
2017/05/30 3.8600 65596.0000 4.1500 4.1500 3.8600
2017/05/26 4.1700 40393.0000 4.3500 4.4400 4.1300
2017/05/25 4.3600 83242.0000 4.3400 4.5500 4.2600
2017/05/24 4.3100 174448.0000 4.0200 4.4900 4.0100
2017/05/23 3.9800 19808.0000 3.9900 4.0000 3.9418
2017/05/22 3.9200 109008.0000 4.2100 4.2400 3.7900
2017/05/19 4.2600 29924.0000 4.2000 4.3790 4.2000
2017/05/18 4.2300 84736.0000 4.4900 4.4900 4.1500
2017/05/17 4.3400 93815.0000 4.6200 4.7200 4.2000
2017/05/16 4.6600 70908.0000 4.5100 4.8200 4.5090
2017/05/15 4.5500 36405.0000 4.4800 4.5700 4.4800
2017/05/12 4.4900 100140.0000 4.5700 4.5700 4.0850
2017/05/11 4.4300 112133.0000 4.6300 4.6300 4.3600
2017/05/10 4.6450 122132.0000 4.6500 4.6700 4.1752
2017/05/09 4.7291 144138.0000 4.4799 4.7599 4.3406
2017/05/08 4.3336 300854.0000 5.3899 5.4452 4.2216
2017/05/05 5.6657 40629.0000 5.4599 5.6699 5.3283
2017/05/04 5.4739 25172.0000 5.6979 5.7217 5.4739
2017/05/03 5.7217 17313.0000 5.6699 5.7385 5.5299
2017/05/02 5.6818 39797.0000 5.6349 5.8799 5.6006
2017/05/01 5.7049 62976.0000 5.8799 5.8806 5.5355
2017/04/28 5.9149 89346.0000 5.4599 5.9499 5.2569
2017/04/27 5.5159 17148.0000 5.4669 5.5999 5.3906
2017/04/26 5.5635 20009.0000 5.4949 5.6699 5.4459
2017/04/25 5.5670 39274.0000 5.3549 5.5999 5.3199
2017/04/24 5.3675 45962.0000 5.4599 5.5999 5.2499
2017/04/21 5.4697 34895.0000 5.4599 5.5908 5.3976
2017/04/20 5.5439 33895.0000 5.5649 5.6048 5.4599
2017/04/19 5.5999 41483.0000 5.7532 5.7532 5.4599
2017/04/18 5.6370 57721.0000 5.5999 5.6769 5.4599
2017/04/17 5.5999 54443.0000 5.8099 5.8778 5.5299
2017/04/13 5.7700 29821.0000 5.5999 5.8057 5.5999
2017/04/12 5.6027 60589.0000 5.8799 5.9499 5.6006
2017/04/11 5.7014 62676.0000 5.9499 5.9499 5.5999
2017/04/10 5.7889 141165.0000 6.2215 6.6359 5.6825
2017/04/07 6.2299 609370.0000 6.1599 7.4199 6.0199
2017/04/06 6.2838 260196.0000 5.6699 6.4378 5.2499
2017/04/05 5.3885 116548.0000 5.8799 5.9317 5.2499
2017/04/04 5.6706 46451.0000 5.7399 5.9422 5.5999
2017/04/03 5.8099 136335.0000 6.1599 6.3125 5.7434
2017/03/31 6.2530 55870.0000 6.3699 6.4399 6.0199
2017/03/30 6.3685 74874.0000 6.5799 6.5799 6.0199
2017/03/29 6.1858 160080.0000 6.5799 6.7192 6.0199
2017/03/28 6.5799 223206.0000 5.9499 7.1399 5.8799
2017/03/27 5.8463 97115.0000 5.6699 6.0192 5.6027
2017/03/24 6.0199 301956.0000 6.8599 6.9859 5.7581
2017/03/23 6.9859 272367.0000 7.0699 7.5598 6.8669
2017/03/22 7.2099 622041.0000 6.9999 7.4899 6.6513
2017/03/21 6.9299 4705496.0000 7.5598 9.3098 6.4490
2017/03/20 4.7599 34569.0000 4.6899 4.8999 4.6199
2017/03/17 4.8698 38004.0000 5.1561 5.1561 4.7599
2017/03/16 4.9104 33548.0000 4.6899 4.9727 4.6899
2017/03/15 4.8306 35845.0000 4.8999 5.0399 4.6199
2017/03/14 4.7501 140287.0000 5.4599 5.5299 4.5541
2017/03/13 5.3892 393402.0000 4.8999 5.8099 4.6619
2017/03/10 4.6213 178486.0000 4.5100 5.0049 4.3602
2017/03/09 4.5429 164890.0000 4.0529 4.5429 3.9899
2017/03/08 4.0249 31442.0000 3.9899 4.1243 3.9199
2017/03/07 4.0004 24584.0000 3.9997 4.1999 3.9199
2017/03/06 3.9815 15068.0000 4.0599 4.0599 3.8849
2017/03/03 4.0249 17113.0000 4.0179 4.1992 3.9899
2017/03/02 4.0249 16665.0000 4.0109 4.1649 4.0109
2017/03/01 4.1299 17056.0000 3.9962 4.1950 3.9899
2017/02/28 4.0053 13130.0000 4.1138 4.1719 3.9913
2017/02/27 4.0879 26462.0000 3.9528 4.2573 3.9213
2017/02/24 3.9801 23343.0000 3.9619 3.9927 3.9199
2017/02/23 3.9941 35662.0000 4.0809 4.1292 3.9199
2017/02/22 4.1292 39415.0000 4.0949 4.1999 3.9899
2017/02/21 4.1313 35661.0000 4.1999 4.2706 4.0949
2017/02/17 4.2020 235307.0000 4.3399 4.8124 4.1306
2017/02/16 4.1215 14872.0000 4.1299 4.1789 4.0956
2017/02/15 4.1390 17016.0000 4.1159 4.1859 4.0949
2017/02/14 4.1040 32403.0000 4.3329 4.3329 4.0879
2017/02/13 4.3399 62455.0000 4.2699 4.4533 4.1999
2017/02/10 4.2685 66645.0000 4.2412 4.2685 3.9983
2017/02/09 4.1999 15638.0000 4.1299 4.2293 4.0774
2017/02/08 4.0928 55030.0000 4.4099 4.4099 4.0620
2017/02/07 4.2769 248431.0000 4.0235 4.7424 3.9906
2017/02/06 4.0228 21475.0000 3.9444 4.0599 3.9199
2017/02/03 3.9031 26550.0000 3.9409 3.9899 3.8506
2017/02/02 3.9654 69729.0000 4.2629 4.4799 3.9213
2017/02/01 4.3875 186050.0000 4.1159 4.4617 4.0074
2017/01/31 3.9199 153145.0000 3.7652 4.1999 3.7652
2017/01/30 3.8422 12000.0000 3.7834 3.8429 3.7274
2017/01/27 3.8394 14172.0000 3.8891 3.9199 3.7267
2017/01/26 3.8569 11453.0000 3.8751 3.9199 3.8499
2017/01/25 3.8506 26359.0000 3.9234 3.9549 3.7260
2017/01/24 3.9199 10045.0000 3.9199 4.0060 3.7799
2017/01/23 3.9199 14233.0000 3.9892 4.0585 3.9199
2017/01/20 4.0522 31709.0000 3.8856 4.1558 3.7106
2017/01/19 3.9164 37557.0000 4.0599 4.0599 3.8569
2017/01/18 4.0599 21972.0000 4.1838 4.2692 4.0599
2017/01/17 4.2335 26539.0000 4.4099 4.4099 4.0599
2017/01/13 4.2020 22814.0000 4.1929 4.2699 4.0956
2017/01/12 4.0599 29985.0000 4.1299 4.2006 4.0599
2017/01/11 4.1299 52966.0000 4.2699 4.4092 4.0949
2017/01/10 4.3749 18738.0000 4.3028 4.4638 4.2699
2017/01/09 4.2699 78686.0000 4.4449 4.4799 4.2069
2017/01/06 4.4316 32242.0000 4.4092 4.4785 4.2769
2017/01/05 4.2979 21580.0000 4.3147 4.3399 4.2713
2017/01/04 4.2965 35671.0000 4.2699 4.4295 4.1299
2017/01/03 4.2699 25805.0000 4.0599 4.3049 3.9969