date close volume open high low
12/31/2018 51.09 659053 51.55 51.805 49.87
12/28/2018 51 638060 50.67 51.94 50.08
12/27/2018 50.68 790507 50.3 51.1603 48.87
12/26/2018 51.15 750505 48.88 51.19 47.86
12/24/2018 48.49 436997 49.32 49.54 48.35
12/21/2018 49.82 2033106 50.1 51.23 49.72
12/20/2018 49.94 1291187 49.55 50.63 49.34
12/19/2018 49.78 916284 50.75 51.92 49.535
12/18/2018 50.91 848007 52.4 52.93 50.69
12/17/2018 52.3 1117298 51.3 53.81 50.9201
12/14/2018 51.72 573415 52.16 53.35 51.52
12/13/2018 53.02 859183 55.4 56.4925 52.6
12/12/2018 55.41 610134 55.4 56.52 54.8
12/11/2018 54.4 555693 55.73 56.39 54.09
12/10/2018 54.96 771853 55.03 55.56 53.76
12/7/2018 55.47 990923 55.65 57.54 54.7926
12/6/2018 55.84 1631560 54.76 55.88 53.96
12/4/2018 55.65 1209830 60.27 60.56 55.45
12/3/2018 60.49 1000999 60.33 61.4 59.55
11/30/2018 59.66 1064358 58.61 60.11 58.61
11/29/2018 58.94 960557 58.7 59.52 58.15
11/28/2018 58.7 1620984 58.57 59.1 57
11/27/2018 58.57 500727 58.84 59.59 58.1
11/26/2018 59.08 447219 59 60.31 58.68
11/23/2018 58.34 170303 57.79 58.91 57.59
11/21/2018 58.34 479982 58.05 59.46 57.21
11/20/2018 57.89 804407 59.92 60.37 57.7
11/19/2018 60.55 967364 60.52 61.54 60.12
11/16/2018 60.24 684679 60.11 60.65 59.76
11/15/2018 60.69 487109 59.51 61.885 59.39
11/14/2018 59.82 790345 61.72 61.785 59.05
11/13/2018 61 934336 61.64 62.6 60.28
11/12/2018 61.42 502644 62.73 63.1 61.31
11/9/2018 62.82 569842 63.19 64.17 62.5
11/8/2018 63.43 986660 63.56 64.85 62.9
11/7/2018 63.7 1293652 63.33 63.98 62.32
11/6/2018 63.2 1591445 64.65 66.21 62.63
11/5/2018 65.49 297860 65.45 66.2 64.86
11/2/2018 65.39 332787 66.4 67.14 64.73
11/1/2018 66.27 564876 65.71 66.34 65.35
10/31/2018 65.23 552456 65.39 66.17 65.04
10/30/2018 64.61 356594 64.99 65.53 63.7
10/29/2018 64.83 461689 64.77 66.08 64.33
10/26/2018 63.65 462960 63.6 64.91 62.92
10/25/2018 64.48 958698 62.59 65.04 62.24
10/24/2018 62.15 865606 65.12 65.26 62.07
10/23/2018 64.66 1324330 61.87 66.09 61.4801
10/22/2018 64.05 1005093 67.18 67.18 63.2
10/19/2018 66.83 1074008 67.59 67.73 66.5
10/18/2018 67.28 2905003 68.01 70.93 67.2425
10/17/2018 77.15 914486 76.09 77.365 74.09
10/16/2018 76.23 519617 76.51 77.27 74.5456
10/15/2018 76.49 383422 76.31 77.0112 75.28
10/12/2018 76.3 557347 79.52 80.9503 74.22
10/11/2018 78.43 509845 80.92 81.4 78.32
10/10/2018 81.45 496280 82.24 82.76 81.36
10/9/2018 82.19 252995 82.79 82.86 81.345
10/8/2018 82.99 390582 81.18 83.46 81.1
10/5/2018 81.62 338005 82.75 82.8 81.09
10/4/2018 82.81 453545 82.59 84.34 81.99
10/3/2018 82.57 843635 80.48 83.291 80.48
10/2/2018 80.4 492017 80.95 81.94 79.81
10/1/2018 81.1 382070 83.12 83.48 80.8
9/28/2018 82.65 613412 82.6 83.5 82.25
9/27/2018 82.85 452485 84.2 85.05 82.6
9/26/2018 84.2 615860 87.45 87.45 84
9/25/2018 87.5 496226 86.3 87.6 86.3
9/24/2018 86.5 397852 88.1 88.45 86.25
9/21/2018 88.5 820379 88.85 89.45 88.1
9/20/2018 88.65 663423 88.3 89.85 88.1
9/19/2018 87.85 263531 86.15 87.85 86.15
9/18/2018 85.95 206384 86.4 86.4 85.4
9/17/2018 86.35 307496 86.75 87.35 85.85
9/14/2018 87 240228 86.65 87.325 86.5
9/13/2018 86.7 377895 88 88.5 86
9/12/2018 87.6 363907 89.15 89.75 87.55
9/11/2018 89 382631 89.05 89.575 88.35
9/10/2018 89.05 394081 90 90.6 88.9
9/7/2018 89.95 354603 89.9 90.55 89.35
9/6/2018 89.65 307199 90.55 91.5 89.6
9/5/2018 90.4 425240 89.65 90.65 89.05
9/4/2018 89.7 259601 88.7 90.05 87.45
8/31/2018 88.9 475302 88 89.2 87.7
8/30/2018 87.95 1116155 89.4 89.7 87.6
8/29/2018 89.6 767786 92.35 92.35 89.35
8/28/2018 92.55 194076 93.1 93.25 91.9
8/27/2018 92.8 235056 92.95 93.95 92.65
8/24/2018 92.6 212747 93.3 93.5 92.4
8/23/2018 93 292048 94.2 94.2 92.2
8/22/2018 94.05 284415 93.7 94.35 93.35
8/21/2018 94.2 321162 93 94.95 93
8/20/2018 93 151324 92.8 93.4 92.25
8/17/2018 92.8 322486 91.95 93 91.525
8/16/2018 91.9 197908 90.85 92.3 90.8
8/15/2018 90.45 354444 91.25 91.7 90.1
8/14/2018 91.25 523360 91.2 91.75 90.8
8/13/2018 90.95 292433 91.4 92.25 90.9
8/10/2018 91.6 145862 91.5 91.9 90.65
8/9/2018 92.15 373191 92.35 92.8 91.55
8/8/2018 92.3 313414 91.15 93.1 90.85
8/7/2018 91.35 305122 91.1 92.35 91.1
8/6/2018 91.15 250041 91.25 91.55 90.2
8/3/2018 90.9 297159 91.9 92.5 90.75
8/2/2018 92.1 267052 90.8 92.6 90.45
8/1/2018 91.3 342509 90.95 92.1 90.75
7/31/2018 90.8 403692 91.75 91.8 90.1
7/30/2018 91.65 385518 91.95 92.8 91.2
7/27/2018 91.75 327174 91.75 92.25 90.825
7/26/2018 91.8 845410 92 93.35 91.6
7/25/2018 92.05 831283 93.45 93.45 91.825
7/24/2018 93.65 865321 96.15 96.15 93.5
7/23/2018 95.5 1147580 96.7 96.7 95.25
7/20/2018 96.45 1142553 96.1 96.875 95.1
7/19/2018 96.2 1430538 96 99.95 95.15
7/18/2018 93.7 1135865 92.05 94.4 91.725
7/17/2018 91.9 691208 91.25 92.4 91
7/16/2018 91.65 534507 91.55 92.3 91.35
7/13/2018 91.2 437275 91.6 92.4 90.8
7/12/2018 91.75 510263 92.85 93.8 90.5
7/11/2018 92.75 403565 92.65 95.5 92.05
7/10/2018 92.85 553950 94.45 94.85 92.75
7/9/2018 94.4 848732 91.9 94.55 91.85
7/6/2018 91.55 365804 90.65 91.85 90.4
7/5/2018 90.95 461838 91.75 91.75 90.45
7/3/2018 91.2 203461 92.05 92.2 90.55
7/2/2018 91.7 539652 90.95 91.75 90.4
6/29/2018 91.5 468902 93.15 93.7 91.5
6/28/2018 92.2 582881 92.45 92.95 91.35
6/27/2018 92.3 536465 94.1 94.65 92
6/26/2018 94.05 663796 94.35 94.35 93.05
6/25/2018 94.1 812142 94.65 95.1 93.15
6/22/2018 94.9 5601240 95.9 97.325 94.8
6/21/2018 95.3 1141139 94.35 96.1 94.15
6/20/2018 94.45 1159310 93.175 95.4 93.175
6/19/2018 94.75 1601522 94.4 95.25 93.3
6/18/2018 95.6 1364718 98.75 98.85 94.55
6/15/2018 99.6 1233897 99.65 100.3 98.2
6/14/2018 100.05 416372 100.8 100.8 98.85
6/13/2018 100.65 609152 100.65 101.8 99.05
6/12/2018 101 456623 101.3 101.85 99.975
6/11/2018 100.9 526783 102.35 102.75 100.35
6/8/2018 102.35 486723 101.2 102.5 100.8
6/7/2018 101.05 584113 101.25 101.85 100.35
6/6/2018 101 378638 98.65 101.35 98.65
6/5/2018 98.15 253232 98.75 99.2 97.1
6/4/2018 99.05 408497 98.25 99.1 97.75
6/1/2018 97.7 407016 97.8 98.9 97.15
5/31/2018 96.35 446359 97.2 98.5 96.1
5/30/2018 97.4 386521 97.2 98.1 96.05
5/29/2018 96.3 457443 96.75 98.2 95.65
5/25/2018 98.25 209377 98.6 99.2 97.525
5/24/2018 99.15 384224 99.6 99.6 97.05
5/23/2018 99.85 312807 100 100.7 98.6
5/22/2018 100.4 389335 102.05 102.8 100.25
5/21/2018 101.55 472851 99.85 101.8 99.7
5/18/2018 99.1 385814 100.85 100.85 98.9
5/17/2018 100.55 579610 101.25 101.475 99.95
5/16/2018 101.2 480512 101.5 101.9 100.45
5/15/2018 101.5 470813 101.9 103.05 101.175
5/14/2018 101.95 368110 100.05 102.35 100.05
5/11/2018 102.1 327748 101.55 102.25 101.25
5/10/2018 101.85 237031 101.05 102.05 100.15
5/9/2018 101 371880 100.8 102.1 99.9
5/8/2018 100.45 311257 99.5 100.6101 98
5/7/2018 99.5 287913 98.75 100.15 97.925
5/4/2018 98.15 413694 95.95 99.15 95
5/3/2018 96.5 463846 97.85 98.2 95.85
5/2/2018 98.6 400097 98.75 99.8 98.05
5/1/2018 98.75 495748 98.15 99.775 96.35
4/30/2018 98.65 679493 99.5 100.3 98.65
4/27/2018 99.5 657925 97.7 99.6 97.7
4/26/2018 97.45 540254 97.5 98.9 97.25
4/25/2018 97.85 341526 97.6 98.775 96.65
4/24/2018 97.5 530683 97.7 99.3 96.65
4/23/2018 97.05 518279 96.85 97.7 95.85
4/20/2018 96.15 812219 97.1 97.75 94.95
4/19/2018 96.75 1566451 94.8 97.65 93.9
4/18/2018 89.85 966510 90.5 91.1 89.4
4/17/2018 90.05 563818 92.7 93.6 89.65
4/16/2018 92.1 373133 92.2 92.85 91.1
4/13/2018 91.85 324374 94.35 94.35 89.2
4/12/2018 93.5 572254 90.55 94.2 90.55
4/11/2018 91.85 290521 91.7 92.5 91.4
4/10/2018 92.45 439729 91.9 93 90.8
4/9/2018 90.55 370217 91.6 93.05 90.4
4/6/2018 90.7 446333 92.5 93.15 89.45
4/5/2018 93.65 347504 93.75 93.95 92.55
4/4/2018 93 555922 89.35 93.2 88.65
4/3/2018 91.05 534275 89.55 91.3 89.1
4/2/2018 89.2 534631 89.9 90.55 87.45
3/29/2018 89.9 480853 88.95 92.05 88.45
3/28/2018 88.45 554545 88.1 90.825 86.75
3/27/2018 87.8 635586 90.5 91.225 87.3
3/26/2018 90.5 1138872 90.5 90.65 88.45
3/23/2018 88 782275 91.25 92.1 87.6
3/22/2018 91.15 1154273 92.85 94 90.8
3/21/2018 95 512587 94.3 96.15 93.65
3/20/2018 94.35 293114 94.85 95.2 93.95
3/19/2018 94.4 283556 94.55 94.8 92.6
3/16/2018 95.05 1203226 94.35 96.05 93.95
3/15/2018 94.15 382348 94.05 94.2 92.85
3/14/2018 93.55 289012 95.85 95.85 92.95
3/13/2018 95.15 362521 96.15 96.4 94.6
3/12/2018 95.85 470768 94.85 96.25 94.575
3/9/2018 94.4 327789 94 94.7 93.2
3/8/2018 92.85 557164 94.8 95.05 91.7
3/7/2018 94.4 464079 92.95 95.6 92.95
3/6/2018 94.1 418113 92.05 94.2 91.125
3/5/2018 91.85 535975 90.5 92.45 89.4
3/2/2018 91.75 585537 90.15 92.05 88.7
3/1/2018 91.05 460790 90.35 92.6 89.9
2/28/2018 90.2 442484 92.7 93.55 90.15
2/27/2018 92.35 405154 93.75 95.1 92.3
2/26/2018 94.05 268886 93.15 94.35 92
2/23/2018 93.1 409425 92.25 93.2 91.15
2/22/2018 91.75 391163 94.6 94.65 91.2
2/21/2018 94 365538 92.85 95.25 92.5
2/20/2018 93.1 473421 93 93.95 92.45
2/16/2018 93.65 409101 92.3 94.075 92.3
2/15/2018 92.95 327512 92.85 93 91.7
2/14/2018 92.25 391344 89.25 92.325 89.25
2/13/2018 90.05 199512 89.3 90.75 89.15
2/12/2018 90.25 451972 90.3 92 89.35
2/9/2018 89.75 537947 89.1 90.55 85.95
2/8/2018 87.65 471017 92.35 92.425 87.6
2/7/2018 92.15 357363 91.4 93 91.3
2/6/2018 92 903528 87.25 92.8 86.75
2/5/2018 89.7 655358 93.4 94.35 89.4
2/2/2018 94.65 549281 95.6 96.15 93.65
2/1/2018 95.8 523404 94.65 95.85 93.7
1/31/2018 94.8 549683 96 97.1 94.65
1/30/2018 95.55 627501 97.15 97.9 95.5
1/29/2018 97.9 369303 98.85 99.65 97.85
1/26/2018 98.8 396224 100 100.25 97.95
1/25/2018 99.65 918021 102.9 102.9 97.65
1/24/2018 98.95 759698 100.4 101.25 98.95
1/23/2018 99.9 373187 99.05 100.35 97.55
1/22/2018 100.05 246366 100 100.05 99.15
1/19/2018 99.95 378077 97.6 100 97.6
1/18/2018 97.8 319046 98.05 98.5 97.1
1/17/2018 97.95 485633 99.85 99.95 97.35
1/16/2018 99 691825 99.3 100.45 98.325
1/12/2018 98.6 347652 98.65 99.35 97.5
1/11/2018 98.05 622613 96.4 98.05 95.75
1/10/2018 96.05 599531 95.25 97.45 95
1/9/2018 94.85 694852 93.15 95.8 92.75
1/8/2018 92.75 323836 92.8 93.15 91.7
1/5/2018 92.95 363054 92.45 93.2 91.4
1/4/2018 91.8 407868 91.85 93.35 91.7
1/3/2018 91.45 455492 90.2 92.045 89.65
1/2/2018 90.75 464369 89.5 90.8 88.9
12/29/2017 88.9 341940 90.85 90.95 88.85
12/28/2017 90.7 231715 90.8 90.9 89.85
12/27/2017 90.3 275201 91.4 91.4 90.05
12/26/2017 91.35 196174 92.4 93.15 91
12/22/2017 92.75 303789 93.95 93.95 91.6
12/21/2017 93.55 569113 92.55 94 91.55
12/20/2017 91.1 368579 92.8 92.87 89.9
12/19/2017 91.9 400210 93.3 93.45 91.45
12/18/2017 92.6 489249 92.85 94.1 91.75
12/15/2017 92 1690666 88.8 93.1 88.65
12/14/2017 88.6 512097 89.95 90.6 88.25
12/13/2017 89.55 472278 90.55 91.8 89.3
12/12/2017 90.35 479874 89.65 90.85 87.4
12/11/2017 89.2 452937 89.9 90.35 88.75
12/8/2017 90.2 411774 90.85 90.95 89.25
12/7/2017 89.85 320395 88.25 90.125 87.65
12/6/2017 88.25 298783 87.45 88.9 86.8
12/5/2017 87.75 529087 90.8 91.15 87.65
12/4/2017 90.25 707476 93.2 95.2 90.15
12/1/2017 90.9 542663 90.1 90.95 86.35
11/30/2017 90.35 610820 91.7 93.2 90.25
11/29/2017 90.8 850660 87.7 92.3 87.5
11/28/2017 86.95 490142 82.8 87.15 81.55
11/27/2017 82.25 433392 82 82.75 81.9
11/24/2017 81.8 89837 83.05 83.05 81.65
11/22/2017 82.65 288464 83.8 83.95 82.65
11/21/2017 83.4 344158 83.35 84.05 82.55
11/20/2017 82.9 269364 81.65 83 80.4
11/17/2017 81.75 322376 80.35 82.4 80.35
11/16/2017 81.05 325491 81.6 82.5 80.55
11/15/2017 80.75 557584 79.85 81.65 77.65
11/14/2017 81.1 699230 80.8 81.75 79.45
11/13/2017 81.7 277420 80.05 82.35 79.725
11/10/2017 80.95 398642 81.1 81.65 80.3
11/9/2017 80.4 367902 81.2 82.25 79.75
11/8/2017 82.05 240131 81.75 82.15 80.65
11/7/2017 82.15 323501 85.5 85.5 82.1
11/6/2017 85.5 149859 85.95 86.2 85.05
11/3/2017 85.95 263931 85.4 86.5 85.1258
11/2/2017 86.2 258598 85.05 86.55 84.05
11/1/2017 85 326810 86.75 87.3 84.75
10/31/2017 86.05 270407 86.35 86.95 84.655
10/30/2017 86.55 300905 87.3 87.55 85.4
10/27/2017 87.85 450367 87.15 88.35 87.06
10/26/2017 87.55 300546 87.2 88.25 86.85
10/25/2017 86.85 369216 88.25 88.35 86.25
10/24/2017 88 349561 87.9 88.45 87.4
10/23/2017 86.9 283421 87.95 87.95 86.8
10/20/2017 88 424112 88.3 88.95 87.3
10/19/2017 87 752001 85.4 87.775 84.8
10/18/2017 84.2 460567 84.35 84.7 83.8
10/17/2017 83.9 283680 86.1 86.1 83.7
10/16/2017 85.2 344698 84.2 85.575 84
10/13/2017 84 229068 84 84.75 82.75
10/12/2017 84.15 387336 85.45 85.45 83.45
10/11/2017 85.2 424163 86.25 86.25 84.55
10/10/2017 86.35 282158 86.5 86.7 85.65
10/9/2017 85.65 154798 85.9 86.05 85.15
10/6/2017 85.6 241131 86.05 86.45 84.9
10/5/2017 85.8 387793 84.6 86.4 84.6
10/4/2017 84.6 527942 85.65 86.3 84.3
10/3/2017 86.65 325313 87.25 87.45 85.5
10/2/2017 86.9 436372 85.25 86.95 84.925
9/29/2017 85.8 477209 85.65 87.5 85.65
9/28/2017 85.55 476341 86 86 84.65
9/27/2017 85.65 578659 84.95 86.55 83.65
9/26/2017 82.9 368389 82.65 83.3 82.4
9/25/2017 82.4 247261 81.6 82.75 80.975
9/22/2017 82 240995 81.8 82.55 81.5
9/21/2017 82.2 370234 81.9 82.95 81.35
9/20/2017 82.05 455251 79.95 82.25 79.4
9/19/2017 80.4 396910 80.15 81.15 79.8
9/18/2017 79.95 421367 77.75 80 77.65
9/15/2017 77.35 1210966 77.3 77.75 76.45
9/14/2017 77.35 514531 78.75 78.9 74.05
9/13/2017 78.3 551127 76.8 78.45 76.55
9/12/2017 77.2 437480 75.2 77.3 75.2
9/11/2017 75 716314 72.05 75.1 72.05
9/8/2017 70.95 449432 69.8 71.2 69.7
9/7/2017 69.95 554280 71.9 72 69.65
9/6/2017 72.2 374264 73.05 73.7 72.2
9/5/2017 72.35 519168 74.7 74.85 72.1
9/1/2017 75.25 324853 74.35 75.6 74.35
8/31/2017 74.25 308621 74.15 74.5 73.55
8/30/2017 73.65 406452 73.3 73.85 72.95
8/29/2017 73.4 319874 72.6 73.65 71.85
8/28/2017 73.7 326704 74.85 75 73.25
8/25/2017 74.75 334136 74.15 75.05 74.15
8/24/2017 74 193418 73.55 74.15 73.25
8/23/2017 73.15 268596 72.6 74.25 72.4
8/22/2017 73.5 300015 73.05 73.75 72.8
8/21/2017 72.45 407173 72.45 72.6 71.75
8/18/2017 72.6 391411 71.75 73.5 71.55
8/17/2017 72.4 488210 74.2 74.7 72.05
8/16/2017 74.55 326699 75.55 75.75 74
8/15/2017 75.15 269765 76.6 77.35 75.05
8/14/2017 75.9 405517 75.65 76.55 75.45
8/11/2017 74.7 532113 75.3 75.9 73.85
8/10/2017 74.9 381035 77.1 77.4 74.85
8/9/2017 77.95 293554 78.15 78.55 77.4
8/8/2017 79.05 466256 78.55 81 78.5
8/7/2017 78.8 439016 80 80.4 78.3
8/4/2017 80.05 419058 80.3 81.05 79.85
8/3/2017 79.45 341717 79.75 79.95 79
8/2/2017 79.8 334078 79.15 79.9 78.5
8/1/2017 79.1 469234 79.1 79.15 78.35
7/31/2017 78.35 631312 79.05 79.05 78.15
7/28/2017 78.6 467417 78.6 79.3 78.25
7/27/2017 79 433375 79.45 80 78.5
7/26/2017 78.95 402808 81.95 81.95 78.85
7/25/2017 81.85 603781 82.65 83.3 81.65
7/24/2017 81.05 361371 80.45 81.3 80
7/21/2017 80.25 666721 81.55 81.7 79.6
7/20/2017 81.5 1111967 82.55 82.55 79.975
7/19/2017 77.95 508230 78.2 79.15 77.6
7/18/2017 78 529899 77.7 78.4 76.4
7/17/2017 78.25 433602 78.75 80 78.05
7/14/2017 79 387022 78 79.5 77.05
7/13/2017 78.7 292936 78.3 78.8 77.45
7/12/2017 77.85 243141 77.55 78.1 76.95
7/11/2017 77.55 646913 77.55 78.1 76.75
7/10/2017 77.35 324567 77.75 78.25 77.1
7/7/2017 78.05 485226 78.4 80.89 76.65
7/6/2017 78 647374 79.75 80.2 77.8
7/5/2017 79.9 415298 80.2 80.8 79.1
7/3/2017 80.05 419014 77.95 80.6 77.35
6/30/2017 77.4 521317 78 78.15 76.975
6/29/2017 77.4 753998 77.05 77.8 76.05
6/28/2017 75.3 502644 74.65 76.4 74.65
6/27/2017 74.2 549428 74.25 75.25 73.55
6/26/2017 73.7 330647 73.45 74.5 72.75
6/23/2017 73.25 1497697 74.25 74.35 72.75
6/22/2017 73.9 350338 73.4 74.1 72.4
6/21/2017 74.05 379750 75.85 76 73.825
6/20/2017 75.8 349542 77.7 77.75 75.75
6/19/2017 78.05 511397 78.4 79.45 77.75
6/16/2017 77.75 1505178 77.15 78.2 76.65
6/15/2017 77.85 358440 77.65 78.85 75.9
6/14/2017 78.25 633909 77.9 78.3 75.8
6/13/2017 78.6 523111 79 79.55 78.075
6/12/2017 78.55 622433 80.05 80.95 78
6/9/2017 79.4 774168 77.2 79.7 77.2
6/8/2017 76.45 777026 74.05 78.15 73.9
6/7/2017 73.95 427832 73.6 74.55 73.55
6/6/2017 73.4 330362 73.2 74.15 72.25
6/5/2017 74.2 644434 74.35 75.15 73.555
6/2/2017 74.5 389858 74.6 75.55 74
6/1/2017 75.4 570946 73.9 75.5 72.75
5/31/2017 73.4 631857 74.85 75 71.3
5/30/2017 75 549593 74.6 75.4 73.55
5/26/2017 75.2 284831 75.95 75.95 74.85
5/25/2017 76.2 373788 76.9 77.55 75.55
5/24/2017 76.65 249373 77 77.15 75.7
5/23/2017 76.95 283858 75.95 77.8 75.1
5/22/2017 75.9 272935 75.6 76.25 74.95
5/19/2017 75.35 493299 74.95 76.25 74.9
5/18/2017 74.9 632160 72.55 75.45 72.5483
5/17/2017 73.2 743212 75.6 75.6 72.4
5/16/2017 77.6 295862 76.9 77.75 75.7
5/15/2017 76.55 437546 76.05 76.75 75.8
5/12/2017 75.55 438131 75.55 76.225 74.3
5/11/2017 75.95 311525 77.95 77.95 75.5
5/10/2017 77.65 308377 77.15 78.15 76.6699
5/9/2017 77.25 537464 79.1 79.275 76.2
5/8/2017 78.75 679012 77.65 78.85 76.85
5/5/2017 76.1 316126 76.3 76.3 74.65
5/4/2017 75.95 679468 77.6 78.175 75.75
5/3/2017 76.95 535388 75.75 77.25 75.55
5/2/2017 76.2 464681 77.75 77.9 75.55
5/1/2017 77.7 520617 77.3 77.9 75.6
4/28/2017 76.1 473922 77.35 77.6 75.4
4/27/2017 76.7 752705 79 79.9 75.85
4/26/2017 78.7 614354 76.75 79.65 76.75
4/25/2017 77.3 604736 77.3 77.85 76.75
4/24/2017 76.5 844894 76.7 78.5 76.25
4/21/2017 74.65 1241884 73.65 74.85 73.175
4/20/2017 73.825 2541419 70.75 74.35 70.65
4/19/2017 78.75 827589 79.35 80.4 78.3
4/18/2017 78.8 496822 78.9 79.55 76.9
4/17/2017 79.5 730930 78.3 79.6 76.55
4/13/2017 77.85 671667 80.5 80.7 77.85
4/12/2017 80.9 433090 83.1 83.5 80.8
4/11/2017 83.35 419725 81.85 83.35 81.1
4/10/2017 82.3 357935 82.7 83.9 81.25
4/7/2017 82.65 498043 81.7 83.5 81.35
4/6/2017 82.95 944011 81.3 83.2 80.5
4/5/2017 80.35 592720 83.3 84.3 80.2
4/4/2017 82.05 549487 82 83.2 81.1
4/3/2017 82.35 654172 83.75 84.35 81.05
3/31/2017 83.45 623727 83.25 83.95 82.3873
3/30/2017 83.4 615353 80.85 83.9 80.85
3/29/2017 80.6 629398 79.1 81.2 79.1
3/28/2017 80.75 9067841 79.4 82.2 79.05
3/27/2017 80.05 831517 79.85 80.45 76.205
3/24/2017 80.25 630589 80.15 80.85 79.25
3/23/2017 79.95 559067 79.4 81.6 78.65
3/22/2017 79.4 681429 78.05 79.8 76.35
3/21/2017 79.15 879482 84.95 84.95 78.9
3/20/2017 84.45 396690 86.3 86.45 84.4
3/17/2017 86.95 1639921 86.85 87.65 85.3
3/16/2017 87 402436 85.7 87.15 85.65
3/15/2017 85.7 523500 86.45 87.75 85.2
3/14/2017 85.9 711327 86.2 86.4 84.15
3/13/2017 87.2 476508 86.6 89.05 86.025
3/10/2017 86.45 713203 87.8 87.8 84.9
3/9/2017 87.25 481888 88.7 89.6 86.85
3/8/2017 88.05 471240 90.9 91.7 87.85
3/7/2017 89.7 308710 90.25 90.65 89.35
3/6/2017 90.3 451797 89.25 90.75 87.95
3/3/2017 90.2 338020 88.85 90.75 88.85
3/2/2017 88.75 569943 92.55 92.8 88.7
3/1/2017 92.15 534998 92.2 93.35 91.05
2/28/2017 89.15 613883 89.9 90.1 88.8
2/27/2017 90.55 554198 89.3 90.8 88.5
2/24/2017 89.05 377097 87.7 89.25 86.8
2/23/2017 89.35 437176 88.9 89.42 86.9
2/22/2017 89 423899 89.05 89.85 88
2/21/2017 88.3 293074 88.25 89.2 87.65
2/17/2017 87.9 355019 87.55 87.975 86.6
2/16/2017 87.5 392606 87.55 88.4 86.55
2/15/2017 87.7 388572 88.85 89.5 87.25
2/14/2017 88.4 447864 86.5 88.8 85.9
2/13/2017 86.8 546501 86.15 87.7 86.15
2/10/2017 85.1 329624 85 85.45 84.3
2/9/2017 84.1 348218 83.8 85.2 83
2/8/2017 83.3 380760 84.35 85.3 82.4
2/7/2017 84.8 287481 85.45 85.85 84
2/6/2017 85 311457 85.35 86.35 84.6
2/3/2017 86.1 417560 84.45 86.7 84.08
2/2/2017 83.25 415615 83.3 84.2 82.1
2/1/2017 83.8 720164 83.7 85.5 82.9
1/31/2017 82.5 368969 82.05 83.05 81.2
1/30/2017 82.5 444726 83.35 84.4 80.7
1/27/2017 84.15 432649 84.2 84.6 82.75
1/26/2017 84.5 971297 85.6 89.25 82.35
1/25/2017 79.1 516539 78.7 79.65 77.8
1/24/2017 77.95 579690 77.45 78.9 76.75
1/23/2017 77.45 305916 77.4 78.4 76
1/20/2017 77.95 430841 77.5 79.0791 76.9
1/19/2017 77.05 443527 78.65 78.85 76.4
1/18/2017 78.35 432934 77.2 78.5 76
1/17/2017 76.75 442860 78.65 78.65 76.325
1/13/2017 79.75 469402 79.05 81.15 79.05
1/12/2017 78.55 538077 80.9 80.9 76.95
1/11/2017 81.65 621092 80.35 81.7 79.25
1/10/2017 80.35 746215 78.2 80.6 77.6
1/9/2017 77.75 346669 77.25 78.05 75.8
1/6/2017 78.05 296176 78.6 78.9 77.4
1/5/2017 77.9 327171 79.65 80.25 76.45
1/4/2017 80.2 432590 78.9 80.35 78.05
1/3/2017 78.3 333485 80 81.25 77.5
