date close volume open high low
12/31/2018 45.99 1648448 45.81 46.2 45.46
12/28/2018 45.65 2081180 46.12 46.33 45.5
12/27/2018 45.9 2417726 44.64 45.9 44.28
12/26/2018 45.27 2942598 44.5 45.32 43.27
12/24/2018 44.16 1103891 44.88 45.07 43.783
12/21/2018 45.51 4671676 45.63 46.42 45.16
12/20/2018 45.74 3332927 46.85 47.43 45.155
12/19/2018 47.2 2797504 48.75 49.83 47.13
12/18/2018 48.94 1944004 49.4 49.85 48.56
12/17/2018 48.8 2438934 49.44 49.95 48.44
12/14/2018 49.47 2958774 49.37 50.15 49.19
12/13/2018 49.97 1375180 51.23 51.27 49.94
12/12/2018 51.01 1648915 51.08 51.99 50.81
12/11/2018 50.3 2081843 52.12 53.12 49.8901
12/10/2018 51.2 2128412 51.13 51.7 49.83
12/7/2018 51.22 2212804 53.08 53.745 50.62
12/6/2018 53.01 2914188 53.34 53.43 51.195
12/4/2018 54.45 2242795 56.4 56.59 54.26
12/3/2018 56.73 1476446 57.06 57.69 56.34
11/30/2018 56.14 1713019 55.67 56.48 55.42
11/29/2018 55.96 1240284 55.89 56.42 55.45
11/28/2018 56.15 1275793 55.24 56.25 54.65
11/27/2018 54.98 996816 55.05 55.46 54.34
11/26/2018 55.53 983137 55.51 55.79 54.85
11/23/2018 55.1 398437 54.26 55.5 54.26
11/21/2018 54.82 1358426 55.16 55.72 54.78
11/20/2018 54.67 1721624 54.68 55.17 53.55
11/19/2018 55.81 1302481 56.48 56.6 55.48
11/16/2018 56.6 1568327 56.59 57.24 56.36
11/15/2018 57.06 1722867 55.5 57.25 55.42
11/14/2018 56.01 1997475 56.29 56.87 55.63
11/13/2018 55.9 1466753 55.18 56.62 55.18
11/12/2018 55.14 1677713 56.92 56.92 55.06
11/9/2018 56.88 1774393 56.34 57.04 55.87
11/8/2018 56.73 2891713 57.13 57.55 56.36
11/7/2018 57.2 2298122 56.26 57.23 55.76
11/6/2018 55.81 2426574 54.88 56.075 54.76
11/5/2018 54.83 1580620 54.21 55 54.115
11/2/2018 54.08 2157979 55.37 55.79 54.05
11/1/2018 55.01 1897572 53.76 55.31 53.47
10/31/2018 53.63 2394113 54 54.81 53.59
10/30/2018 53.45 2021618 52.35 53.57 52.24
10/29/2018 52.31 2254770 54.21 54.25 51.485
10/26/2018 53.41 2021978 52.93 53.96 52.46
10/25/2018 53.63 2599078 53.61 54.29 53.05
10/24/2018 52.9 3818679 55.6 55.75 52.82
10/23/2018 55.23 4279846 55.17 55.79 54.27
10/22/2018 56.26 3345373 56.73 57.305 55.7775
10/19/2018 56.75 3724062 57.86 58.5 56.61
10/18/2018 57.49 13466490 57.93 60.69 57.31
10/17/2018 64.78 2706832 66.75 66.925 64.65
10/16/2018 66.76 2020594 66.37 67.26 65.8
10/15/2018 65.81 1593489 65.58 66.32 65.34
10/12/2018 65.07 2152929 65.96 66.48 63.9
10/11/2018 65.07 1943826 67.01 67.35 64.8478
10/10/2018 67.38 1654746 70.14 70.14 67.31
10/9/2018 70.33 1034107 71.53 71.53 70.3
10/8/2018 71.7 1209666 71 71.78 70.85
10/5/2018 71.05 855293 71.65 72.16 70.93
10/4/2018 71.6 1152323 71.71 72.06 71.16
10/3/2018 71.71 1080147 72.14 72.59 71.68
10/2/2018 71.82 650050 71.79 71.95 71
10/1/2018 71.77 790347 71.84 72.11 71.515
9/28/2018 71.47 1223626 71.18 71.78 71.03
9/27/2018 71.5 707700 71.68 71.99 71.44
9/26/2018 71.52 1080181 72.39 72.45 71.44
9/25/2018 72.3 1962119 71.6 72.87 71.26
9/24/2018 71.36 850958 71.7 71.7 71.16
9/21/2018 71.82 3293190 71.09 71.82 70.85
9/20/2018 70.79 1574614 71.97 72.27 70.695
9/19/2018 71.72 1757796 71.8 72.76 71.49
9/18/2018 71.56 1266454 71.24 71.74 70.81
9/17/2018 70.91 1428077 70.57 71.36 70.42
9/14/2018 70.57 1800620 69.9 70.605 69.9
9/13/2018 69.86 1098549 69.89 70.41 69.68
9/12/2018 69.74 1390944 69.96 70.03 69.41
9/11/2018 69.99 878371 69.64 70.29 69.22
9/10/2018 69.86 1171641 69.48 70.05 69.206
9/7/2018 69.15 1174410 69.46 69.46 68.54
9/6/2018 69.61 1705376 69.91 70.4859 69.58
9/5/2018 69.83 1008320 69.37 69.96 69.19
9/4/2018 69.47 1230394 69.02 69.53 68.79
8/31/2018 69.03 1542749 69.16 69.29 68.79
8/30/2018 69.37 1065145 69.65 69.93 69.22
8/29/2018 69.61 1408495 69.45 69.86 68.96
8/28/2018 69.42 1495054 69.59 69.68 69.07
8/27/2018 69.24 1570978 68.99 69.68 68.87
8/24/2018 68.63 1123231 68.45 68.85 68.34
8/23/2018 68.3 1408272 68.31 68.585 67.85
8/22/2018 68.43 2100440 68.76 68.89 68.25
8/21/2018 68.91 1808310 67.81 68.95 67.7
8/20/2018 67.65 1586948 66.8 67.83 66.8
8/17/2018 66.65 1545526 66.3 66.98 65.98
8/16/2018 66.2 1104964 65.85 66.28 65.78
8/15/2018 65.45 1247686 65.64 65.784 64.6348
8/14/2018 66.03 940561 65.5 66.25 65.39
8/13/2018 65.39 1306939 65.7 66.24 64.97
8/10/2018 65.75 1281529 65.99 66.21 65.405
8/9/2018 66.21 1466480 67 67.35 65.99
8/8/2018 67 798221 67.13 67.145 66.55
8/7/2018 67.17 1063833 66.94 67.675 66.76
8/6/2018 66.95 1272512 66.95 67.234 66.65
8/3/2018 67 1592427 67.54 67.7296 66.29
8/2/2018 67.56 1376209 66.98 67.61 66.88
8/1/2018 67.5 1705179 68.13 68.6 67.36
7/31/2018 68.27 1630101 67.05 68.46 66.87
7/30/2018 66.64 1408203 67.08 67.51 66.57
7/27/2018 67.03 1834493 68.09 68.29 66.6
7/26/2018 67.93 2530673 67.01 68.12 66.84
7/25/2018 66.98 2376493 66.85 67.15 66.34
7/24/2018 67 1699328 66.96 67.4 66.59
7/23/2018 66.52 2365060 67.03 67.05 66.225
7/20/2018 66.86 2137426 66.61 67.6 66.54
7/19/2018 66.99 2809624 66.33 67.39 65.74
7/18/2018 66.44 6056283 67.6 67.95 63.5034
7/17/2018 66.79 2472285 66.8 67.02 66.2
7/16/2018 66.68 1752870 67.47 67.61 66.56
7/13/2018 67.3 1553417 66.57 67.48 66.57
7/12/2018 66.71 1325300 66.41 66.96 66.19
7/11/2018 65.97 982250 66.41 66.74 65.85
7/10/2018 66.87 1121107 66.85 67.46 66.52
7/9/2018 66.85 1215903 65.98 66.86 65.91
7/6/2018 65.69 1479995 65.9 66.51 65.57
7/5/2018 66.05 2582522 66.19 66.33 65.465
7/3/2018 65.94 570824 66.55 66.84 65.81
7/2/2018 66.14 915108 65.36 66.19 64.94
6/29/2018 65.91 1442135 66.11 66.79 65.91
6/28/2018 65.71 1582010 65.35 66.17 64.57
6/27/2018 65.44 2341597 66.16 66.96 65.37
6/26/2018 65.99 1353848 65.84 66.3 65.03
6/25/2018 65.73 2321515 66.72 66.74 65.2263
6/22/2018 67.06 2198789 67.23 67.44 66.72
6/21/2018 66.68 1293971 66.5 66.99 65.8461
6/20/2018 66.75 928117 66.64 66.94 66.22
6/19/2018 66.3 1957388 66.71 67.16 65.76
6/18/2018 67.45 1224229 66.89 67.65 66.56
6/15/2018 67.41 3358098 67.21 67.43 66.55
6/14/2018 67.49 1580455 68.1 68.14 67.28
6/13/2018 67.81 1506337 68.1 68.18 67.54
6/12/2018 68.1 1993591 68.91 68.99 67.945
6/11/2018 68.9 1180175 69.23 69.31 68.66
6/8/2018 69.32 1458724 68.65 69.36 68.32
6/7/2018 68.65 1158304 68.88 69.06 68.16
6/6/2018 68.86 1356826 68.33 68.87 68.03
6/5/2018 68.33 1240557 67.39 68.68 67.39
6/4/2018 67.31 987261 67.35 67.51 66.95
6/1/2018 67.2 1271278 67 67.66 66.885
5/31/2018 66.58 1317447 66.76 67.11 66.29
5/30/2018 66.91 1049220 66.14 67.16 66.02
5/29/2018 65.83 1134061 65.96 66.44 65.59
5/25/2018 66.56 793346 66.71 66.84 66.24
5/24/2018 66.9 1336237 66.6 67.16 66.465
5/23/2018 66.67 1599005 66.14 66.715 65.72
5/22/2018 66.48 1111801 67.12 67.42 66.42
5/21/2018 67 1192594 67.29 67.43 66.61
5/18/2018 66.32 1012660 66.31 66.58 66.15
5/17/2018 66.24 1043813 65.58 66.67 65.5
5/16/2018 65.65 1233311 65.36 65.96 65.1
5/15/2018 65.39 1160441 65.28 65.485 64.95
5/14/2018 65.53 2022672 65.9 65.98 65.26
5/11/2018 65.79 1020585 65.59 66.16 65.46
5/10/2018 65.64 1376797 65.56 65.9 65.0168
5/9/2018 65.17 1425715 65.05 65.53 64.5
5/8/2018 64.9 2290183 64.15 65.0648 63.81
5/7/2018 63.88 1796000 63.15 64 62.98
5/4/2018 63 1432613 62.25 63.36 61.93
5/3/2018 62.57 2122293 62.16 62.9 61.44
5/2/2018 62.44 2620643 61.92 63.195 61.7
5/1/2018 62.1 1940578 62.01 62.12 60.77
4/30/2018 62.14 2272514 63.26 63.44 62.1
4/27/2018 62.92 2345390 63.25 63.59 62.41
4/26/2018 63.62 1585872 63.48 64.12 63.075
4/25/2018 63.46 2239979 64.11 64.28 63.07
4/24/2018 64.27 2392496 65.21 65.79 62.95
4/23/2018 64.71 2296062 65.81 65.89 64.41
4/20/2018 65.59 3353007 65.68 65.99 64.84
4/19/2018 65.48 3670029 64.98 65.73 64.52
4/18/2018 63.99 6609309 64.23 64.88 63
4/17/2018 59.94 2252332 59.75 60.33 59.44
4/16/2018 59.43 1708797 59.11 59.54 58.89
4/13/2018 58.52 1345830 59.49 59.52 58.21
4/12/2018 59.05 1546566 58.92 59.45 58.8599
4/11/2018 58.64 1607792 57.94 59.21 57.78
4/10/2018 58.38 1852509 58.57 58.97 58.07
4/9/2018 57.72 1094758 58.23 58.61 57.67
4/6/2018 57.87 1868954 58.95 59.29 57.41
4/5/2018 59.58 1497762 58.66 59.72 58.4
4/4/2018 58.28 2627937 57.27 58.3 56.63
4/3/2018 58.18 1354187 57.95 58.23 57.455
4/2/2018 57.65 1403458 58.75 59.09 56.95
3/29/2018 58.97 1815791 58.02 59.44 57.9228
3/28/2018 57.6 1756486 57.53 58.02 57.01
3/27/2018 57.45 1108707 58.29 58.93 57.18
3/26/2018 58.3 1220057 57.66 58.335 57.08
3/23/2018 56.96 1560983 57.75 58.216 56.87
3/22/2018 57.55 1332855 58.73 58.99 57.5
3/21/2018 59.3 904714 59.22 59.85 58.76
3/20/2018 59.12 1263162 59.03 59.62 58.86
3/19/2018 58.94 1264579 58.78 59.04 58.32
3/16/2018 58.83 2317199 59.17 59.17 58.7
3/15/2018 59 1716122 59.11 59.11 58.01
3/14/2018 59.09 2913683 59.29 59.29 58.485
3/13/2018 58.9 1378675 59.37 59.47 58.76
3/12/2018 59 2260928 60.37 60.37 58.88
3/9/2018 60.4 1177834 59.45 60.41 59.15
3/8/2018 59.05 1057714 58.8 59.14 58.3
3/7/2018 58.52 1418348 58.12 58.68 57.76
3/6/2018 58.59 1281863 58.56 59.03 58.24
3/5/2018 58.38 1430482 57.16 58.69 56.93
3/2/2018 57.66 1938922 57.67 57.84 56.67
3/1/2018 58.24 2415956 59.87 60.22 57.79
2/28/2018 59.85 1609497 60.51 61.23 59.85
2/27/2018 60.25 1324378 60.96 61.47 60.23
2/26/2018 61.03 1378032 59.84 61.16 59.57
2/23/2018 59.28 1846147 59.58 59.905 58.96
2/22/2018 59.52 1340309 59.83 60.42 59.41
2/21/2018 59.52 2424243 59.97 60.48 59.42
2/20/2018 60.06 1514774 59.9 60.88 59.6
2/16/2018 60.33 1650768 59.57 60.66 59.39
2/15/2018 59.68 1855487 59.08 59.86 58.9
2/14/2018 58.8 2167256 57.14 58.9 56.91
2/13/2018 57.55 1794671 57.28 58.225 57.1
2/12/2018 57.55 1801273 56.77 58.12 56.41
2/9/2018 56.31 2062829 56.2 56.87 54.36
2/8/2018 55.54 1481548 58 58 55.49
2/7/2018 57.91 1731722 57.01 58.83 56.95
2/6/2018 57.1 2455371 55.63 57.46 54.945
2/5/2018 56.66 2728674 58.2 59.85 56.15
2/2/2018 59.06 1746968 59.49 60.14 58.94
2/1/2018 59.84 2262077 58.7 60.35 58.61
1/31/2018 58.67 2675192 58.3 60.34 57.87
1/30/2018 60.18 1630672 60.89 61.07 60.12
1/29/2018 61.22 1695671 60.9 62.19 60.871
1/26/2018 60.86 1240329 60.71 60.95 60.06
1/25/2018 60.53 1088929 59.98 60.6901 59.59
1/24/2018 59.71 1400756 59.2 60.37 59.17
1/23/2018 59.1 845949 59.06 59.29 58.63
1/22/2018 59.09 1116915 58.93 59.12 58.44
1/19/2018 58.9 1193257 59.18 59.18 58.62
1/18/2018 58.81 937663 59.26 59.39 58.77
1/17/2018 59.17 984319 59.04 59.45 58.65
1/16/2018 58.78 1557254 60.46 60.54 58.36
1/12/2018 60.15 1213732 59.39 60.185 59.27
1/11/2018 59.09 1047652 58.51 59.12 58.5
1/10/2018 58.4 570878 58.4 58.61 58.18
1/9/2018 58.45 934790 58.43 58.6986 58.26
1/8/2018 58.35 1237538 58.64 58.71 57.98
1/5/2018 58.5 2244135 57.95 58.51 57.4
1/4/2018 57.58 1190114 57.8 57.9 57.3
1/3/2018 57.63 1131159 57.03 57.795 57
1/2/2018 57.3 1186756 56.9 57.32 56.57
12/29/2017 56.59 603342 57.18 57.18 56.58
12/28/2017 57 455614 57 57.03 56.83
12/27/2017 56.97 852067 57.05 57.165 56.72
12/26/2017 56.88 473470 56.82 57.17 56.78
12/22/2017 56.76 945110 57.06 57.24 56.705
12/21/2017 57.18 1920536 57.32 57.71 56.91
12/20/2017 57 1732308 56.6 57.32 56.56
12/19/2017 56.35 1271692 56.45 56.58 56.05
12/18/2017 56.19 1143350 55.64 56.26 55.29
12/15/2017 55.22 2583254 54.76 55.6 54.63
12/14/2017 54.38 823903 54.62 54.91 54.25
12/13/2017 54.62 1132174 54.54 55.1725 54.361
12/12/2017 54.57 842074 54.68 55.05 54.56
12/11/2017 54.63 1016870 54.91 55.18 54.52
12/8/2017 54.84 1087983 55.06 55.2 54.72
12/7/2017 54.79 1088815 53.83 55.02 53.81
12/6/2017 53.92 1281588 53.98 54.49 53.91
12/5/2017 54.01 1342881 55.48 55.48 53.98
12/4/2017 55.18 1975479 55.64 56.47 55.18
12/1/2017 54.89 1451405 55.71 55.8 53.38
11/30/2017 55.71 1592215 55.04 55.83 54.52
11/29/2017 54.84 904240 54.41 54.97 54.37
11/28/2017 54.32 1527607 53.74 54.39 53.59
11/27/2017 53.48 1081223 53.35 53.78 53.225
11/24/2017 53.3 523302 53.67 53.8 53.28
11/22/2017 53.53 953783 53.71 53.85 53.41
11/21/2017 53.69 1217245 53.78 54.01 53.6
11/20/2017 53.48 1503712 53.19 53.57 52.85
11/17/2017 52.97 1467992 52.74 53.53 52.61
11/16/2017 52.9 1572752 52.64 53.2 52.5
11/15/2017 52.47 1366782 53 53.23 52.33
11/14/2017 53.57 875945 53.53 53.83 53.34
11/13/2017 53.7 1875099 54.03 54.185 53.58
11/10/2017 54.27 1104346 54.21 54.75 54.01
11/9/2017 54.4 922312 55.03 55.24 54.02
11/8/2017 54.85 1082719 54.28 54.95 54.08
11/7/2017 54.28 781880 54.45 54.8 54.07
11/6/2017 54.43 837179 54.55 54.69 54.2
11/3/2017 54.55 1217265 54.17 54.56 53.81
11/2/2017 54.28 1311814 53.29 54.528 52.93
11/1/2017 53.4 1508847 53.01 53.55 52.96
10/31/2017 52.74 1398155 52.66 52.93 52.49
10/30/2017 52.6 1348815 52.8 52.94 52.4275
10/27/2017 53.03 1693984 53.57 53.9 52.84
10/26/2017 53.76 1187875 53.99 54.32 53.19
10/25/2017 53.71 1372419 54.29 54.57 53.52
10/24/2017 54.42 1735291 53.7 54.64 53.7
10/23/2017 53.7 1750091 53.76 54.13 53.6
10/20/2017 53.74 3015183 53.33 54.03 52.8
10/19/2017 53.1 4174257 52.33 53.13 51.07
10/18/2017 53.57 3233281 53.23 53.68 52.91
10/17/2017 53.07 1500803 53.19 53.45 52.81
10/16/2017 53.34 1123505 53.34 53.605 53.071
10/13/2017 53.26 3174145 53.61 53.78 53.24
10/12/2017 53.55 2960678 53.92 54.11 53.415
10/11/2017 53.92 2699020 54.46 54.55 53.73
10/10/2017 54.4 1424203 55.49 55.49 54.2601
10/9/2017 55.33 637113 55.64 55.8 55.14
10/6/2017 55.49 855884 55.49 55.79 55.33
10/5/2017 55.65 1369114 55.1 55.76 55.05
10/4/2017 54.99 1585918 54.48 55.01 54.22
10/3/2017 54.5 1348769 54.63 54.69 54.27
10/2/2017 54.57 1230889 54.01 54.61 53.82
9/29/2017 53.88 720024 53.64 53.895 53.27
9/28/2017 53.58 984385 53.72 54.05 53
9/27/2017 53.96 1597884 53.43 54.07 53.16
9/26/2017 53.13 1078949 53.12 53.39 52.93
9/25/2017 53.07 631176 53.1 53.24 52.487
9/22/2017 53.09 1050871 53.04 53.205 52.68
9/21/2017 53.06 922359 53.14 53.34 52.91
9/20/2017 53.12 1407604 52.77 53.58 52.77
9/19/2017 52.74 1261402 52.5 52.87 52.28
9/18/2017 52.46 1365649 51.78 52.49 51.74
9/15/2017 51.61 2331737 51.65 51.95 51.12
9/14/2017 51.76 1471346 52.14 52.42 51.56
9/13/2017 52.35 1727521 52.31 52.89 52.23
9/12/2017 52.41 2789342 51.23 52.43 51.2
9/11/2017 51.19 2882442 49.99 51.19 49.65
9/8/2017 49.24 740709 48.6 49.25 48.51
9/7/2017 48.71 749446 48.82 48.83 48.45
9/6/2017 48.79 1182594 49 49.22 48.62
9/5/2017 48.7 1582939 49.14 49.5 48.52
9/1/2017 49.23 792357 49.3 49.66 49.23
8/31/2017 49.09 1154001 49.12 49.35 48.92
8/30/2017 48.97 896809 48.23 49.0472 48.16
8/29/2017 48.16 1339219 47.87 48.29 47.7887
8/28/2017 48.09 730408 48.54 48.69 48.03
8/25/2017 48.43 1244130 48.2 48.62 47.95
8/24/2017 47.94 918482 48.07 48.18 47.72
8/23/2017 47.99 1143919 47.89 48.46 47.7976
8/22/2017 48.06 1211788 47.7 48.22 47.5
8/21/2017 47.53 1014781 47.76 47.76 47.24
8/18/2017 47.69 1037036 48.04 48.09 47.55
8/17/2017 48.12 891136 48.99 49.06 48.1
8/16/2017 49.13 1050877 49.17 49.59 49
8/15/2017 49.09 697294 48.98 49.15 48.83
8/14/2017 48.95 637713 48.86 49.15 48.51
8/11/2017 48.48 966039 48.18 48.735 47.75
8/10/2017 48.24 1172572 48.95 49.06 48.23
8/9/2017 49.13 1275822 49.07 49.25 48.51
8/8/2017 49.06 1047286 49.3 49.49 48.91
8/7/2017 49.4 857975 49.34 49.44 48.76
8/4/2017 49.31 808450 49.19 49.34 49.03
8/3/2017 49.04 1011735 49.27 49.41 48.92
8/2/2017 49.36 1174609 49.36 49.74 49.11
8/1/2017 49.39 1086868 49.29 49.49 48.78
7/31/2017 49.13 1078335 49.25 49.33 48.97
7/28/2017 49.25 953305 48.49 49.33 48.18
7/27/2017 48.5 978101 49.1 49.1 48.19
7/26/2017 49.11 1125221 49.43 49.72 48.71
7/25/2017 49.29 1499213 49.22 49.54 48.635
7/24/2017 48.79 1464034 48.45 48.885 48.2
7/21/2017 48.49 2537705 48 48.695 47.84
7/20/2017 48.63 2187281 48.75 49.77 48.58
7/19/2017 48.67 3114023 50.1 50.15 48.48
7/18/2017 49.54 1858230 49.41 49.77 49.19
7/17/2017 49.52 912057 49.54 49.86 49.35
7/14/2017 49.64 967662 49.36 49.77 49.3
7/13/2017 49.19 932128 48.96 49.27 48.83
7/12/2017 48.81 1080513 49 49.26 48.68
7/11/2017 48.73 1188140 48.52 48.86 48.0952
7/10/2017 48.52 930627 48.08 48.78 47.86
7/7/2017 48.06 1143720 47.58 48.35 47.53
7/6/2017 47.43 1375963 47.97 48.095 47.41
7/5/2017 48.03 1317552 47.71 48.14 47.55
7/3/2017 47.73 454347 47.39 48 47
6/30/2017 47.1 1169945 46.91 47.4 46.65
6/29/2017 46.64 1161501 47.08 47.5 46.23
6/28/2017 46.98 899406 46.74 47.32 46.625
6/27/2017 46.45 2597618 45.59 46.5961 45.51
6/26/2017 45.57 1452833 45.89 46.13 45.54
6/23/2017 45.78 5240563 45.37 46.11 45
6/22/2017 45.37 1666429 46.19 46.5 45.345
6/21/2017 46.19 1609859 47 47.07 46.065
6/20/2017 46.88 982396 47.97 48.05 46.86
6/19/2017 48.1 1262069 47.64 48.345 47.4
6/16/2017 47.44 2142226 47.25 47.66 47.08
6/15/2017 47.29 978713 47.13 47.38 46.87
6/14/2017 47.4 627725 47.53 47.75 47.22
6/13/2017 47.68 868012 47.3 47.77 47.15
6/12/2017 47.24 997943 47.31 47.44 46.87
6/9/2017 47.29 1227826 47.04 47.35 46.96
6/8/2017 46.99 1418568 46.78 47.08 46.54
6/7/2017 46.84 1167147 47.13 47.15 46.81
6/6/2017 46.96 970111 46.72 47.36 46.58
6/5/2017 47.04 1051710 47.66 47.895 46.94
6/2/2017 47.75 1076964 47.74 48 47.6676
6/1/2017 47.72 1215354 47.88 48.25 47.43
5/31/2017 47.8 1387992 48.14 48.1509 47.455
5/30/2017 47.99 1628043 48.06 48.34 47.83
5/26/2017 48.16 758457 48.07 48.5 47.95
5/25/2017 48.17 1049630 47.58 48.3475 47.52
5/24/2017 47.47 663403 47.18 47.705 47.18
5/23/2017 47.12 1213075 46.95 47.15 46.62
5/22/2017 46.78 1105982 46.98 47.23 46.72
5/19/2017 46.49 1246907 46.25 46.91 46.2
5/18/2017 46.13 1124771 46.09 46.53 45.46
5/17/2017 46.19 2342273 47.51 47.66 46.12
5/16/2017 48.18 890828 48.02 48.32 47.77
5/15/2017 47.97 844928 48.09 48.3 47.87
5/12/2017 48.08 1858572 48.58 48.61 47.71
5/11/2017 48.57 4784442 46.69 48.67 46.54
5/10/2017 46.88 853447 47.05 47.11 46.52
5/9/2017 47.08 1417085 46.7 47.33 46.52
5/8/2017 46.69 960801 46.61 46.93 46.555
5/5/2017 46.62 750780 46.33 46.63 46.21
5/4/2017 46.25 768868 46.29 46.46 45.93
5/3/2017 46.23 1290296 45.69 46.28 45.6
5/2/2017 45.75 2460814 46.1 46.21 45.67
5/1/2017 46.13 1724464 46.71 46.74 46.09
4/28/2017 46.66 1710211 47.14 47.17 46.61
4/27/2017 47.08 955453 47.15 47.34 46.88
4/26/2017 47.15 1631193 46.99 47.41 46.99
4/25/2017 47.03 1748066 47.1 47.37 46.96
4/24/2017 46.95 2289462 47.36 47.97 46.775
4/21/2017 46.66 2681627 46.16 47.01 46.16
4/20/2017 45.91 3776420 45.98 46.275 45.36
4/19/2017 46.01 2938847 46 46.87 45.63
4/18/2017 47.34 2613630 46.63 47.45 46.52
4/17/2017 46.85 1299450 46.84 47.01 46.501
4/13/2017 46.54 1661088 47.19 47.62 46.53
4/12/2017 47.46 1492415 47.87 47.87 47.33
4/11/2017 48 1165115 47.93 48.01 47.36
4/10/2017 48.16 1461302 47.68 48.41 47.57
4/7/2017 47.67 1088107 47.54 48 47.1928
4/6/2017 47.42 638266 46.99 47.5 46.72
4/5/2017 46.94 1380078 47.44 47.85 46.91
4/4/2017 47.2 999166 46.79 47.29 46.73
4/3/2017 46.92 1547969 47.56 47.66 46.61
3/31/2017 47.59 2165491 47.22 47.705 47.21
3/30/2017 47.32 939910 47.11 47.55 46.96
3/29/2017 47.09 909668 46.83 47.28 46.69
3/28/2017 46.99 948311 46.29 47.41 46.17
3/27/2017 46.36 1168589 45.61 46.535 45.19
3/24/2017 46.15 1572862 46.97 47.025 45.96
3/23/2017 46.91 1012313 47.05 47.4 46.855
3/22/2017 47.12 1081159 46.73 47.32 46.46
3/21/2017 46.78 2145210 47.91 47.93 46.52
3/20/2017 47.63 1258848 47.78 48.24 47.56
3/17/2017 47.74 2082490 47.78 48.07 47.4
3/16/2017 47.65 964776 48 48.08 47.35
3/15/2017 47.84 977184 47.39 47.97 47.29
3/14/2017 47.2 1112191 47.12 47.25 46.79
3/13/2017 47.38 1104861 47.59 47.89 47.38
3/10/2017 47.63 1234657 47.73 47.76 47.17
3/9/2017 47.43 1612352 48.09 48.32 47.34
3/8/2017 48.02 1404204 47.87 48.075 47.6
3/7/2017 47.85 1495409 47.79 48.23 47.665
3/6/2017 48.07 1393460 47.38 48.28 47.38
3/3/2017 48.06 1489430 48.89 49.13 48.01
3/2/2017 48.83 1794046 49.45 49.52 48.81
3/1/2017 49.58 3289155 47.96 49.69 47.84
2/28/2017 47.3 2578842 47.9 48.16 47.25
2/27/2017 47.86 3003534 47.54 48 47.22
2/24/2017 47.17 3689584 46.77 47.45 46.731
2/23/2017 47.21 1980669 48.52 48.595 47.18
2/22/2017 48.41 1145100 47.96 48.51 47.83
2/21/2017 48.21 1905531 48.5 48.64 48.03
2/17/2017 48.35 1827986 48.67 48.68 47.74
2/16/2017 49.01 1839732 49.16 49.21 48.45
2/15/2017 49.16 1003849 49.23 49.365 49.03
2/14/2017 49.2 942721 48.98 49.26 48.76
2/13/2017 49.19 1581122 49.16 49.39 48.97
2/10/2017 48.9 1276070 48.9 49.26 48.58
2/9/2017 48.66 1127685 48.19 48.8 48.15
2/8/2017 48.01 741121 48.16 48.18 47.61
2/7/2017 48.21 1159597 48.43 48.7996 48.02
2/6/2017 48.28 722537 48.16 48.57 48.08
2/3/2017 48.31 1601479 47.69 48.35 47.69
2/2/2017 47.54 1904279 46.76 47.56 46.57
2/1/2017 47.09 1221834 47.67 47.92 47.06
1/31/2017 47.37 1754750 47.27 47.45 46.63
1/30/2017 47.45 2115237 47.5 47.82 46.81
1/27/2017 47.77 3445201 48.55 49.18 47.66
1/26/2017 48.51 5446897 46.72 49.39 46.65
1/25/2017 46.73 16894540 45.49 47.2 43.66
1/24/2017 49.38 3147546 48.93 49.75 48.8
1/23/2017 48.88 1696315 49.4 49.98 48.3641
1/20/2017 49.35 1287071 49.71 49.775 49.08
1/19/2017 49.42 1182689 49.36 49.59 49.02
1/18/2017 49.09 1489040 48.75 49.2795 48.56
1/17/2017 48.75 1338055 49.25 49.28 48.61
1/13/2017 49.49 1074349 49.84 49.97 49.26
1/12/2017 49.77 1190029 49.9 49.965 48.96
1/11/2017 49.98 1471829 50.05 50.27 49.67
1/10/2017 49.94 1802725 49.79 50.18 49.4
1/9/2017 49.54 1713648 49.75 49.99 49.51
1/6/2017 49.86 823669 50.24 50.3551 49.81
1/5/2017 50.23 1522793 50.02 50.93 49.77
1/4/2017 50.3 2467105 49.46 50.47 49.29
1/3/2017 49.25 1484454 48.79 49.43 48.76
