date close volume open high low
12/31/2018 45.7 7388179 45.34 45.82 45.055
12/28/2018 45.21 8372228 45.48 45.78 45.02
12/27/2018 45.65 9200308 44.84 45.65 44.12
12/26/2018 45.39 10812770 43.92 45.39 43.14
12/24/2018 43.76 6830457 44 44.64 43.645
12/21/2018 44.61 22628460 45.47 46.25 44.31
12/20/2018 45.77 13548550 45.9 46.44 45.43
12/19/2018 46.22 13711320 47.17 47.6 45.9
12/18/2018 47.26 10016440 48.23 48.43 46.96
12/17/2018 47.94 10070250 48.51 49.04 47.66
12/14/2018 48.75 11037740 48.69 49.5 48.455
12/13/2018 49.19 11919520 50.23 50.43 48.97
12/12/2018 50.13 8371513 50.62 50.87 49.88
12/11/2018 50.12 7734476 51.03 51.47 49.96
12/10/2018 50.58 11037190 51.7 51.86 50.01
12/7/2018 51.76 9561873 52.27 52.87 51.3931
12/6/2018 52.34 13475140 51.71 52.45 51.1801
12/4/2018 52.6 9806834 54.015 54.3307 52.4075
12/3/2018 54.4 6847366 54.88 55.04 53.9
11/30/2018 54.46 10299290 54.05 54.88 54.04
11/29/2018 54.04 5220475 54 54.32 53.79
11/28/2018 54.29 7095155 54.02 54.34 53.225
11/27/2018 53.72 7406621 53.79 54.03 53.47
11/26/2018 54.16 6395132 54 54.615 53.97
11/23/2018 53.52 2243279 53.3 53.96 53.12
11/21/2018 53.68 5830497 54.22 54.56 53.65
11/20/2018 54.11 9489791 54.94 55.35 53.86
11/19/2018 55 7793090 54.97 55.305 54.63
11/16/2018 54.92 9165927 54.4 55.21 54.34
11/15/2018 54.66 9758867 53.285 54.785 53.09
11/14/2018 54 13369740 53.99 54.54 53.26
11/13/2018 53.69 8138051 52.97 53.97 52.95
11/12/2018 52.92 7060085 53.145 53.44 52.8
11/9/2018 53.15 5530106 52.805 53.43 52.75
11/8/2018 52.93 5451176 52.31 53.25 52.27
11/7/2018 52.58 6715915 52.77 52.93 51.8
11/6/2018 52.64 4613584 52.22 52.66 51.95
11/5/2018 52.34 5398966 52.06 52.84 51.84
11/2/2018 52.07 7508635 52.43 52.77 51.49
11/1/2018 52.13 9759441 52.39 52.63 52.01
10/31/2018 52.27 12974280 52.66 52.88 52.205
10/30/2018 52.32 10133730 51.95 52.41 51.535
10/29/2018 51.56 9909430 51.52 52.49 51.14
10/26/2018 50.91 10408850 50.75 51.21 50.29
10/25/2018 51.27 7637620 50.7 51.78 50.51
10/24/2018 50.28 9323201 51.19 51.3 50.18
10/23/2018 51.37 9206397 50.73 51.77 50.585
10/22/2018 51.43 8909418 52.61 52.65 51.29
10/19/2018 52.5 7643156 51.93 52.755 51.81
10/18/2018 52.13 11126340 53.34 53.41 52.02
10/17/2018 52.9 11515860 50.81 53.055 50.52
10/16/2018 50.97 8671283 50.8 51.06 50.225
10/15/2018 50.51 6840275 50.79 51.09 50.51
10/12/2018 50.79 12592020 52.36 52.43 50.01
10/11/2018 51.82 13395550 53.32 53.32 51.65
10/10/2018 53.33 9171904 54.16 54.655 53.31
10/9/2018 53.95 5516712 53.71 54.225 53.4233
10/8/2018 53.93 5715614 53.45 54.055 53.375
10/5/2018 53.48 5202643 53.88 54.07 53.29
10/4/2018 53.68 5728205 53.36 54.09 53.36
10/3/2018 53.43 7735304 53.06 53.57 52.79
10/2/2018 52.74 5805104 52.81 53.06 52.435
10/1/2018 52.83 4713640 52.95 53.185 52.625
9/28/2018 52.81 8150282 52.73 52.88 52.48
9/27/2018 52.93 5812073 53.43 53.44 52.83
9/26/2018 53.61 5413523 54.52 54.52 53.52
9/25/2018 54.26 5527823 54.77 54.82 54.18
9/24/2018 54.42 5242390 55 55.312 54.34
9/21/2018 55.14 12642020 55.42 55.555 54.895
9/20/2018 55.35 5321169 55.21 55.47 55.1
9/19/2018 54.92 6799534 54.28 55.16 54.23
9/18/2018 54.15 4221918 54.17 54.38 53.97
9/17/2018 54.13 4504161 54.31 54.335 53.97
9/14/2018 54.14 5221061 54.02 54.245 53.97
9/13/2018 54.02 6662188 53.91 54.295 53.73
9/12/2018 53.55 5337185 54.21 54.24 53.49
9/11/2018 54.2 3378610 54.05 54.38 53.9375
9/10/2018 54.13 2995691 54.29 54.4 54.09
9/7/2018 54.19 4938053 54.61 54.62 53.88
9/6/2018 54.33 3678830 54.35 54.5 54.075
9/5/2018 54.33 5325250 54.19 54.62 54.156
9/4/2018 54.24 4367588 54.21 54.34 53.84
8/31/2018 54.11 5155591 53.87 54.14 53.79
8/30/2018 54.04 6298722 54.22 54.37 53.92
8/29/2018 54.33 4475068 54.22 54.51 54.09
8/28/2018 54.2 4184070 54.5 54.72 54.14
8/27/2018 54.46 5936464 54.13 54.67 54.12
8/24/2018 54.01 4568266 53.89 54.13 53.74
8/23/2018 53.8 4203776 54.05 54.12 53.615
8/22/2018 53.94 3238241 54.08 54.11 53.81
8/21/2018 54.19 5206663 53.91 54.51 53.85
8/20/2018 53.82 5174989 53.26 53.85 53.2445
8/17/2018 53.29 4163437 53.11 53.395 53.05
8/16/2018 53.16 4909608 52.81 53.38 52.8
8/15/2018 52.59 6181996 52.73 53.01 52.355
8/14/2018 53.17 4285098 52.43 53.21 52.43
8/13/2018 52.37 5120902 52.9 53.09 52.37
8/10/2018 53.1 5490724 52.93 53.32 52.75
8/9/2018 53.48 3816559 53.53 53.7 53.37
8/8/2018 53.52 4539722 53.29 53.785 53.08
8/7/2018 53.3 4607169 53.03 53.39 52.985
8/6/2018 52.93 5387727 52.82 53.19 52.7999
8/3/2018 52.91 5310474 52.46 52.92 52.3853
8/2/2018 52.55 4415369 52.23 52.64 52.14
8/1/2018 52.61 5685600 53.31 53.51 52.38
7/31/2018 53.01 9379262 53.03 53.35 52.89
7/30/2018 52.98 7098353 52.62 53.31 52.62
7/27/2018 52.6 7240549 52.36 52.73 52.28
7/26/2018 52.36 9396913 51.9 52.54 51.87
7/25/2018 51.62 7668619 51.54 51.745 51.35
7/24/2018 51.65 5434981 51.76 52.2385 51.515
7/23/2018 51.87 7728449 51.1 51.895 51.03
7/20/2018 51.06 9167076 51.23 51.4195 50.835
7/19/2018 51.36 12121750 50.66 51.62 50.655
7/18/2018 50.72 11393390 51 51.4 50.47
7/17/2018 51.3 9336896 51.4 51.68 51.1773
7/16/2018 51.3 6914980 51.05 51.43 51.02
7/13/2018 50.91 6975610 51.05 51.295 50.605
7/12/2018 51.36 6453612 51.72 51.85 51.14
7/11/2018 51.26 6185126 51.13 51.64 50.82
7/10/2018 51.35 6409100 51.48 51.5741 51.02
7/9/2018 51.37 6649724 50.38 51.64 50.3025
7/6/2018 50.21 4085071 49.83 50.3401 49.77
7/5/2018 49.93 5327726 50.27 50.37 49.81
7/3/2018 49.97 4506621 50.44 50.64 49.775
7/2/2018 50.41 4703252 49.62 50.44 49.59
6/29/2018 50.02 9521563 50.16 50.72 49.99
6/28/2018 49.62 5785389 49.64 49.94 49.235
6/27/2018 49.83 6949600 50.02 50.34 49.8
6/26/2018 50.2 6649909 50.53 50.66 49.9
6/25/2018 50.58 6728769 50.63 50.69 50.03
6/22/2018 50.76 7303909 51.36 51.4 50.71
6/21/2018 50.99 6476803 51.12 51.2 50.5799
6/20/2018 51.27 7428698 52.03 52.07 51.235
6/19/2018 51.65 13591960 50.76 51.8 50.7
6/18/2018 51.28 7007387 50.83 51.375 50.56
6/15/2018 51.38 17352600 50.78 51.42 50.59
6/14/2018 50.93 10199010 51.29 51.355 50.74
6/13/2018 51.08 7306148 51.23 51.7 50.88
6/12/2018 51.23 5103007 51.45 51.6936 51.03
6/11/2018 51.45 5932395 52.2 52.23 51.42
6/8/2018 52.05 4811323 51.66 52.08 51.59
6/7/2018 51.83 6164036 51.94 52.19 51.56
6/6/2018 51.77 7219351 51.39 51.91 51.17
6/5/2018 51.22 7965604 50.82 51.407 50.61
6/4/2018 50.91 4427231 50.97 51.13 50.7
6/1/2018 50.76 10247190 50.5 51.115 50.5
5/31/2018 49.99 13759800 49.67 50.09 49.25
5/30/2018 49.84 9303038 49.34 49.96 49.065
5/29/2018 48.86 11605320 50.01 50.06 48.49
5/25/2018 50.54 4345667 50.41 50.66 50.35
5/24/2018 50.67 5956244 50.62 50.845 50.25
5/23/2018 50.94 5295472 50.83 51.02 50.315
5/22/2018 51.06 6224437 50.85 51.57 50.75
5/21/2018 50.7 4675800 50.8 51.11 50.69
5/18/2018 50.55 4531606 51.11 51.11 50.47
5/17/2018 51.15 4636143 50.82 51.2 50.61
5/16/2018 50.99 5486058 51.02 51.27 50.77
5/15/2018 51.12 6915505 51.05 51.37 50.95
5/14/2018 51.18 4730111 51.68 51.7 51.045
5/11/2018 51.5 5037064 51.47 51.86 51.28
5/10/2018 51.17 5655787 50.91 51.265 50.565
5/9/2018 50.83 4784492 50.43 51.11 50.325
5/8/2018 50.33 5813175 50.33 50.7631 50.07
5/7/2018 50.36 5562152 50.51 50.54 50.05
5/4/2018 50.34 6072145 49.64 50.73 49.44
5/3/2018 49.98 8468401 49.75 50.14 49.15
5/2/2018 49.86 5781279 50.54 50.61 49.77
5/1/2018 50.72 4410035 50.25 50.77 49.92
4/30/2018 50.45 7719612 51.42 51.605 50.45
4/27/2018 51.25 5172959 50.66 51.44 50.62
4/26/2018 50.78 5577383 50.69 51.11 50.58
4/25/2018 50.79 6903215 50.35 51.16 50
4/24/2018 50.42 6945304 50.66 51.29 50.09
4/23/2018 50.54 7893535 50.48 50.78 50.35
4/20/2018 50.43 7927213 50.84 51.08 50.13
4/19/2018 50.7 10649380 50 50.785 49.98
4/18/2018 50 12918270 51.06 51.11 49.81
4/17/2018 51.02 7812185 51.72 51.89 50.825
4/16/2018 51.41 8190059 51.34 51.525 51.07
4/13/2018 50.95 7668466 51.83 51.875 50.65
4/12/2018 51.24 5480413 50.96 51.505 50.8
4/11/2018 50.55 4327767 50.65 50.9 50.375
4/10/2018 51.08 6248792 51.11 51.39 50.67
4/9/2018 50.59 5626209 50.52 51.529 50.395
4/6/2018 50.28 7800467 50.54 50.93 49.85
4/5/2018 51.08 6900371 51.13 51.43 50.86
4/4/2018 50.68 6786533 49.51 50.88 49.455
4/3/2018 50.27 6682929 49.83 50.355 49.445
4/2/2018 49.68 8661487 50.45 50.63 49.03
3/29/2018 50.5 5399324 50.21 50.83 49.9
3/28/2018 50.07 7710610 49.69 50.49 49.37
3/27/2018 49.86 8615651 51.35 51.42 49.48
3/26/2018 51.29 8995374 50.23 51.43 49.82
3/23/2018 49.25 10451330 50.7 50.9 49.15
3/22/2018 50.65 9117795 52.04 52.19 50.53
3/21/2018 52.55 6873951 52.79 53.21 52.34
3/20/2018 52.6 4444473 53.05 53.35 52.555
3/19/2018 52.8 8288827 53.21 53.3145 52.36
3/16/2018 53.26 10911310 53.36 53.99 53.23
3/15/2018 53.36 5361529 53.5 53.57 53.08
3/14/2018 53.27 6281047 54.39 54.49 53.12
3/13/2018 54.15 6132848 55.3 55.4 54.06
3/12/2018 55.01 3568018 55.21 55.5066 54.87
3/9/2018 55.28 6075509 54.33 55.37 54.17
3/8/2018 53.94 5100636 53.85 54.05 53.41
3/7/2018 53.66 5881473 53.58 53.97 52.97
3/6/2018 54.17 4953254 54.03 54.235 53.48
3/5/2018 53.97 5199080 52.97 54.14 52.78
3/2/2018 53.41 5646584 52.78 53.51 52.3
3/1/2018 53.17 8167923 54.39 54.58 52.96
2/28/2018 54.36 4685397 55.35 55.635 54.35
2/27/2018 55.01 5147413 55.84 56.1 55.01
2/26/2018 55.84 5345523 55.67 55.85 54.83
2/23/2018 55.49 5422226 54.44 55.505 54.41
2/22/2018 54.27 6380665 55.46 55.59 54.165
2/21/2018 55.1 6588183 54.94 55.82 54.8
2/20/2018 54.91 5721120 55.5 56.0615 54.74
2/16/2018 55.61 6223459 54.9 55.9199 54.87
2/15/2018 55.1 6999574 55.6 56.04 54.9
2/14/2018 55.31 7149851 54.03 55.4 53.8875
2/13/2018 54.14 5334469 53.7 54.36 53.58
2/12/2018 53.97 7590664 54.06 54.57 53.52
2/9/2018 53.75 12328090 53.32 54.08 51.8716
2/8/2018 52.65 10753330 54.79 54.79 52.61
2/7/2018 54.8 10988400 54.5 55.68 54.4
2/6/2018 54.62 17651250 53.45 55.3 53.02
2/5/2018 54.62 11465830 56.37 56.92 54.48
2/2/2018 56.9 7009541 57.24 57.8 56.78
2/1/2018 57.46 5334900 56.93 57.46 56.71
1/31/2018 57.14 7890560 57.31 57.65 57.02
1/30/2018 57.4 5065934 57.64 58.09 57.39
1/29/2018 57.99 5985905 58.04 58.5 57.93
1/26/2018 58.11 5930564 57.96 58.11 57.5
1/25/2018 57.98 5672744 57.94 58.16 57.68
1/24/2018 57.75 5316409 57.31 57.94 57.31
1/23/2018 57.18 5246175 56.86 57.48 56.79
1/22/2018 57.26 7646585 56.54 57.26 56.54
1/19/2018 56.46 10342940 56.49 56.52 56
1/18/2018 56.15 8785800 56.52 56.81 56.09
1/17/2018 56.34 9313362 57.04 57.04 55.37
1/16/2018 57.17 8784002 57.54 57.69 56.93
1/12/2018 56.98 5339764 56.96 57.12 56.59
1/11/2018 56.68 6146935 56.48 56.74 56.22
1/10/2018 56.2 7114838 55.99 56.7 55.84
1/9/2018 55.78 6380956 55.55 56.27 55.48
1/8/2018 55.4 6808550 55.17 55.53 55.14
1/5/2018 55.32 6835593 55.43 55.5 54.95
1/4/2018 54.98 7573437 54.69 55.515 54.6
1/3/2018 54.56 4946189 54 54.765 53.95
1/2/2018 54.03 5367444 54.05 54.34 53.7934
12/29/2017 53.58 3949804 54.12 54.15 53.58
12/28/2017 53.95 3216036 53.92 54.01 53.705
12/27/2017 54.07 3747547 54.09 54.2264 53.895
12/26/2017 54.01 2807036 54.49 54.67 53.83
12/22/2017 54.46 3792650 54.81 54.85 54.15
12/21/2017 54.53 3926340 54.66 54.81 54.255
12/20/2017 54.26 5682022 55.06 55.18 54.0695
12/19/2017 54.56 5964900 55.09 55.13 54.54
12/18/2017 54.78 5325235 54.94 55.16 54.65
12/15/2017 54.5 12402890 54.56 54.92 54.23
12/14/2017 54.15 4467596 54.81 54.85 54.08
12/13/2017 54.6 5046582 55.44 55.62 54.57
12/12/2017 55.5 6037346 54.65 55.81 54.65
12/11/2017 55.27 3884874 55.25 55.58 55.115
12/8/2017 55.36 4365843 55.1 55.36 54.51
12/7/2017 54.9 4404379 54.35 55.08 54.23
12/6/2017 54.59 3821775 54.74 55.03 54.425
12/5/2017 54.82 6004134 55.63 55.8 54.655
12/4/2017 55.63 6462626 55.77 56.425 55.63
12/1/2017 54.9 7243518 55.23 55.39 53.7
11/30/2017 55.15 8645023 55.08 55.92 54.79
11/29/2017 54.76 10938020 53.38 54.949 53.37
11/28/2017 53.02 5572775 51.76 53.08 51.7
11/27/2017 51.72 3727886 51.9 51.99 51.69
11/24/2017 51.83 1466876 52 52.07 51.7
11/22/2017 51.91 4513565 51.87 52.05 51.835
11/21/2017 51.89 5194525 52.15 52.15 51.64
11/20/2017 51.93 3273190 52.03 52.03 51.735
11/17/2017 51.88 3297592 51.58 52.04 51.52
11/16/2017 51.81 4026629 52.18 52.25 51.78
11/15/2017 52.01 5382107 51.41 52.18 51.35
11/14/2017 51.83 5472650 51.38 51.84 51.33
11/13/2017 51.68 5843938 51.44 51.81 51.14
11/10/2017 51.61 5501193 52.22 52.36 51.58
11/9/2017 52.11 6002526 52.41 52.56 51.78
11/8/2017 52.68 6221292 53.34 53.44 52.63
11/7/2017 53.45 7538827 54.8 54.94 53.375
11/6/2017 54.85 5501741 54.54 54.96 54.31
11/3/2017 54.65 5211983 54.6 54.79 54.34
11/2/2017 54.88 4791453 54.37 55.08 54.06
11/1/2017 54.48 4642631 54.58 54.74 54.26
10/31/2017 54.38 5688824 54.12 54.82 54.01
10/30/2017 54.26 4237230 54.22 54.45 54.04
10/27/2017 54.44 4862947 54.21 54.46 53.9575
10/26/2017 54.3 5726497 54.47 54.6499 54.22
10/25/2017 54.14 5246861 54.44 54.54 53.73
10/24/2017 54.21 6612646 54.43 54.62 54.015
10/23/2017 54.13 4965361 54.09 54.24 53.91
10/20/2017 54.09 7021302 54.15 54.23 53.82
10/19/2017 53.59 6171133 52.97 53.91 52.97
10/18/2017 53.27 10619880 53.91 53.91 52.335
10/17/2017 53.88 5249998 54.35 54.4 53.75
10/16/2017 54.26 5105319 54.12 54.42 53.99
10/13/2017 54.13 6316527 53.8 54.44 53.565
10/12/2017 53.99 4317436 54.12 54.34 53.89
10/11/2017 54.26 4968972 54.11 54.35 53.76
10/10/2017 54.23 3263632 53.86 54.265 53.82
10/9/2017 53.85 2858895 54.25 54.25 53.74
10/6/2017 54.18 4486802 53.97 54.24 53.67
10/5/2017 53.76 5721487 53.21 54 52.95
10/4/2017 53.15 6514111 53.23 53.41 53.095
10/3/2017 53.47 6814420 53.38 53.64 52.92
10/2/2017 53.44 8031097 53.29 53.55 52.92
9/29/2017 53.59 7187733 53.48 54.05 53.26
9/28/2017 53.48 7642727 53.7 53.88 53.1044
9/27/2017 54.15 7514007 54.16 54.35 53.86
9/26/2017 53.6 4481879 53.61 53.76 53.36
9/25/2017 53.61 4481847 53.5 53.8 53.265
9/22/2017 53.67 5557119 53.48 53.71 53.05
9/21/2017 53.74 5830384 53.6 53.84 53.4
9/20/2017 53.52 5409429 53.23 53.71 52.765
9/19/2017 53.16 5464664 52.4 53.28 52.32
9/18/2017 52.38 4373059 52 52.48 51.85
9/15/2017 51.81 6092625 51.49 51.82 51.36
9/14/2017 51.64 4444522 52.01 52.17 51.54
9/13/2017 52.04 6748248 51.38 52.1 51.33
9/12/2017 51.57 5042268 51.14 51.94 51.1
9/11/2017 50.88 4649449 50.54 51.055 50.4093
9/8/2017 49.98 6052039 49.75 50.36 49.7
9/7/2017 49.86 6565393 50.89 50.99 49.535
9/6/2017 50.91 3670263 51.05 51.215 50.74
9/5/2017 50.87 6496181 51.39 51.44 50.64
9/1/2017 51.68 3656465 51.38 51.95 51.24
8/31/2017 51.25 5188362 51.82 51.87 51.19
8/30/2017 51.59 3248955 51.53 51.79 51.48
8/29/2017 51.5 5565203 51.36 51.63 51.17
8/28/2017 51.96 2382691 52.16 52.29 51.75
8/25/2017 52.07 3121068 52.09 52.41 51.98
8/24/2017 51.85 2457386 52.01 52.11 51.74
8/23/2017 51.81 3433984 51.66 52.07 51.59
8/22/2017 51.94 3104775 51.73 52.06 51.67
8/21/2017 51.67 4829062 51.69 51.86 51.435
8/18/2017 51.68 5299712 51.56 51.95 51.38
8/17/2017 51.72 5345019 52.67 52.78 51.68
8/16/2017 52.85 3173389 53.11 53.21 52.65
8/15/2017 52.98 3430685 53.15 53.31 52.8835
8/14/2017 52.79 4156512 52.28 52.97 52.28
8/11/2017 52.05 4432172 52.4 52.6 51.87
8/10/2017 52.38 5390319 52.9 53.025 52.35
8/9/2017 53.23 3794145 52.84 53.24 52.77
8/8/2017 53.19 3674925 53 53.645 52.9
8/7/2017 53.12 3720923 53.15 53.24 52.88
8/4/2017 53.12 5569794 53.03 53.47 52.765
8/3/2017 52.68 3934246 52.81 52.86 52.53
8/2/2017 52.99 3841480 52.77 53.03 52.63
8/1/2017 52.95 9789713 52.96 53.18 52.55
7/31/2017 52.78 5333062 52.68 53.19 52.68
7/28/2017 52.57 5283250 52.4 52.72 52.16
7/27/2017 52.43 6921483 52.41 52.49 51.92
7/26/2017 52.43 6301932 53.36 53.5 52.295
7/25/2017 53.17 7436777 53.39 53.71 53.14
7/24/2017 52.79 7865709 52.1 52.955 52.03
7/21/2017 52.12 6528047 52.31 52.48 51.88
7/20/2017 52.48 8612020 52.39 52.84 52.27
7/19/2017 52.08 6002843 52.07 52.78 51.78
7/18/2017 51.63 5008431 51.68 51.88 51.47
7/17/2017 52.03 4757995 52.04 52.12 51.72
7/14/2017 52.08 5520981 51.72 52.24 51.4
7/13/2017 52.22 6451374 52.01 52.23 51.83
7/12/2017 51.9 4519668 51.69 52.11 51.56
7/11/2017 51.77 6052218 52.33 52.33 51.7
7/10/2017 52.31 3227033 52.28 52.47 52.085
7/7/2017 52.46 4458502 52.39 52.55 52.105
7/6/2017 52.18 5161885 52.62 52.82 52.15
7/5/2017 52.66 5882957 52.71 52.875 52.33
7/3/2017 52.58 3582756 52.15 52.98 52.11
6/30/2017 51.92 6849693 51.99 52.18 51.79
6/29/2017 51.78 10072860 52.86 52.99 51.625
6/28/2017 51.98 5264331 51.56 52.19 51.56
6/27/2017 51.42 5198092 51.21 51.85 51.08
6/26/2017 51.01 5766752 50.93 51.3 50.77
6/23/2017 50.77 8674080 51.41 51.4401 50.575
6/22/2017 51.3 6361134 51.84 51.84 51.165
6/21/2017 52 4502917 52.54 52.55 51.94
6/20/2017 52.34 5058973 52.36 52.72 52.25
6/19/2017 52.57 4749452 52.47 52.84 52.47
6/16/2017 52.27 9778855 52.55 52.58 52.01
6/15/2017 52.38 7117131 52.58 52.895 52.3
6/14/2017 52.84 7387015 52.54 52.92 51.97
6/13/2017 52.94 7560830 53.03 53.27 52.78
6/12/2017 52.85 9071581 53.03 53.46 52.69
6/9/2017 52.89 8252403 52.1 53.02 52.07
6/8/2017 51.78 7309603 51.15 52.18 51.02
6/7/2017 51.14 5235443 51.09 51.35 50.91
6/6/2017 50.88 5475124 50.95 51.1 50.76
6/5/2017 51.33 5388472 51.37 51.845 51.23
6/2/2017 51.3 5580770 51.1 51.67 50.935
6/1/2017 51.53 6171147 51.16 51.64 50.64
5/31/2017 50.89 6914448 51.21 51.25 50.43
5/30/2017 51.1 5922935 51.21 51.24 50.8
5/26/2017 51.44 6721847 51.61 51.81 51.38
5/25/2017 51.77 3825234 51.96 52.135 51.73
5/24/2017 51.79 3512836 52.03 52.13 51.555
5/23/2017 51.96 5054671 51.42 52.205 51.26
5/22/2017 51.44 4713464 51.27 51.48 50.87
5/19/2017 51.1 8102982 50.86 51.42 50.79
5/18/2017 50.74 5939433 50.41 51.1 50.25
5/17/2017 50.46 7009540 51.13 51.33 50.1
5/16/2017 51.96 4389257 51.92 52.16 51.71
5/15/2017 51.77 3955018 51.5 51.86 51.43
5/12/2017 51.41 6285385 51.37 51.42 50.99
5/11/2017 51.64 6574887 51.75 51.82 51.12
5/10/2017 51.97 5275060 51.5 52.05 51.39
5/9/2017 51.58 5722103 52.03 52.18 51.38
5/8/2017 52 4759022 51.74 52 51.611
5/5/2017 51.77 5373694 52.28 52.41 51.45
5/4/2017 52.31 5628098 52.56 52.81 52.15
5/3/2017 52.21 6143131 51.43 52.26 51.26
5/2/2017 51.57 4366658 51.7 51.88 51.37
5/1/2017 51.7 4660157 51.55 51.98 51.43
4/28/2017 51.28 7707204 51.81 52 51.18
4/27/2017 51.92 5826662 52.22 52.29 51.5
4/26/2017 52.12 7652629 52 52.62 52
4/25/2017 52.13 8934095 52.13 52.48 51.93
4/24/2017 51.56 8060603 51.7 52.01 51.42
4/21/2017 50.51 9044725 50.55 51.01 50.46
4/20/2017 50.68 9535375 49.79 50.9 49.76
4/19/2017 49.69 7260685 50.13 50.35 49.55
4/18/2017 49.8 9697193 50.21 50.41 49.68
4/17/2017 50.54 4930166 50.12 50.6171 49.91
4/13/2017 49.98 5854971 50.42 50.89 49.96
4/12/2017 50.7 7671478 50.66 51.08 50.49
4/11/2017 50.89 7344341 50.65 50.985 50.35
4/10/2017 50.78 6476112 51.25 51.435 50.73
4/7/2017 51.15 6827545 51.08 51.36 50.87
4/6/2017 51.35 5839805 51.02 51.51 50.73
4/5/2017 51.04 6123021 51.91 52.04 50.96
4/4/2017 51.46 4158470 51.39 51.57 51.22
4/3/2017 51.55 7438824 51.62 51.62 50.84
3/31/2017 51.5 8197151 51.92 52.07 51.48
3/30/2017 52.12 9350080 51.76 52.39 51.64
3/29/2017 51.75 7380659 52.38 52.45 51.68
3/28/2017 52.71 7728015 52.07 53.17 52
3/27/2017 52.2 7291044 51.59 52.41 51.05
3/24/2017 52.57 5948785 52.75 52.98 52.22
3/23/2017 52.58 9022948 52.44 53.17 52.23
3/22/2017 52.6 8288081 52.44 52.89 51.75
3/21/2017 52.69 14212580 54.55 54.55 52.57
3/20/2017 54.24 7706017 54.4 54.85 54.19
3/17/2017 54.69 7077717 55.08 55.12 54.64
3/16/2017 55.03 6326172 55.07 55.37 54.87
3/15/2017 54.96 8487234 55.15 55.6 54.85
3/14/2017 55 6130471 54.8 55.05 54.57
3/13/2017 54.92 4367922 54.88 55.21 54.81
3/10/2017 54.94 6721890 55.29 55.33 54.615
3/9/2017 54.94 5236239 55.12 55.28 54.805
3/8/2017 54.87 7809634 55.51 55.81 54.82
3/7/2017 55.03 6672816 55.23 55.4 54.95
3/6/2017 55.29 6118701 55.28 55.45 55.035
3/3/2017 55.55 7278253 55.46 55.71 55.38
3/2/2017 55.48 6431239 56.55 56.56 55.39
3/1/2017 56.41 8689715 55.87 56.61 55.82
2/28/2017 55 6846584 55.04 55.19 54.82
2/27/2017 55.29 6378775 55.19 55.35 55.0099
2/24/2017 55.1 7596096 55 55.365 54.85
2/23/2017 55.4 7267995 55.3 55.51 55.06
2/22/2017 55.31 4851743 54.96 55.405 54.89
2/21/2017 55.2 5639353 55 55.305 54.925
2/17/2017 54.88 6011599 54.78 54.88 54.495
2/16/2017 55.01 6204101 55.04 55.08 54.55
2/15/2017 55.14 8016014 54.7 55.365 54.52
2/14/2017 54.55 7728324 53.9 54.6 53.84
2/13/2017 54.13 5703917 53.89 54.43 53.89
2/10/2017 53.61 3892386 53.81 53.85 53.49
2/9/2017 53.54 5054027 53.06 53.6391 52.92
2/8/2017 52.89 6397994 52.89 53.02 52.53
2/7/2017 53.2 4749034 53.63 53.67 53.065
2/6/2017 53.4 4904004 53.37 53.78 53.19
2/3/2017 53.66 9088550 53.8 54.0353 53.45
2/2/2017 53.13 8700602 52.68 53.22 52.64
2/1/2017 53.03 8413794 53.16 53.635 52.97
1/31/2017 52.65 6736826 52.62 52.94 52.36
1/30/2017 52.85 7531458 52.62 52.9 52.37
1/27/2017 52.99 6893325 52.84 53.14 52.82
1/26/2017 52.95 6493665 52.45 52.98 52.44
1/25/2017 52.45 8711794 52.14 52.635 52.14
1/24/2017 51.77 6521635 51.1 52 51.01
1/23/2017 50.97 4858769 51 51.385 50.79
1/20/2017 51.2 8847103 50.94 51.645 50.89
1/19/2017 50.73 7136237 50.63 50.98 50.425
1/18/2017 50.56 6525278 50.42 50.67 49.99
1/17/2017 50.31 9415106 51.2 51.21 50.16
1/13/2017 51.69 7876355 51.61 52.14 51.485
1/12/2017 51.43 4538837 51.64 51.69 51.02
1/11/2017 51.79 7087975 51.51 51.8 51.25
1/10/2017 51.22 5230624 51.03 51.575 50.85
1/9/2017 51.07 4338489 51.05 51.29 50.8499
1/6/2017 51.3 5078233 51.06 51.5 51.06
1/5/2017 50.97 6574922 51.64 51.76 50.79
1/4/2017 51.84 6198834 51.48 51.98 51.41
1/3/2017 51.46 7858631 51.62 52.24 51.11
