date close volume open high low
2018/12/31 4.0000 8200.0000 4.1600 4.3400 4.0000
2018/12/28 4.1000 4725.0000 3.9597 4.1000 3.9597
2018/12/27 3.9900 13864.0000 3.9300 4.0000 3.9300
2018/12/26 3.9800 3052.0000 3.9700 3.9900 3.9300
2018/12/24 3.9300 1282.0000 4.0400 4.0400 3.9300
2018/12/21 3.9800 9679.0000 4.0100 4.0150 3.9700
2018/12/20 4.0000 24019.0000 4.0250 4.0300 3.9700
2018/12/19 3.9700 33925.0000 4.1010 4.2300 3.7500
2018/12/18 4.1000 309.0000 4.1000 4.1000 4.1000
2018/12/17 4.0100 10285.0000 4.0000 4.2300 3.9800
2018/12/14 3.8550 14501.0000 4.3000 4.3000 3.7500
2018/12/13 4.2800 830.0000 4.3200 4.3200 4.0803
2018/12/12 4.3700 0.0000 4.3700 4.3700 4.3700
2018/12/11 4.3700 774.0000 4.3700 4.4000 4.3700
2018/12/10 4.4000 1886.0000 4.3680 4.4000 4.3200
2018/12/07 4.3900 302.0000 4.3800 4.3900 4.3800
2018/12/06 4.3200 2154.0000 4.2600 4.3300 4.2600
2018/12/04 4.4000 1801.0000 4.3200 4.4000 4.3200
2018/12/03 4.4000 1887.0000 4.3999 4.4000 4.3452
2018/11/30 4.3900 23877.0000 4.3550 4.4400 4.3200
2018/11/29 4.4000 0.0000 4.4000 4.4000 4.4000
2018/11/28 4.4000 490.0000 4.4000 4.4000 4.4000
2018/11/27 4.3950 11818.0000 4.3722 4.4000 4.2701
2018/11/26 4.3600 2279.0000 4.3100 4.3600 4.1300
2018/11/23 4.4000 145.0000 4.4000 4.4000 4.4000
2018/11/21 4.4000 2243.0000 4.3200 4.4000 4.2650
2018/11/20 4.2600 7197.0000 4.1100 4.3199 4.0584
2018/11/19 4.3300 13963.0000 4.1300 4.3300 4.0500
2018/11/16 4.3800 2075.0000 4.3000 4.4200 4.3000
2018/11/15 4.3600 4175.0000 4.3200 4.5100 4.3200
2018/11/14 4.5200 1252.0000 4.3200 4.5200 4.3100
2018/11/13 4.3300 2277.0000 4.1800 4.3300 4.1800
2018/11/12 4.1100 2603.0000 4.3900 4.3900 4.1100
2018/11/09 4.3100 472.0000 4.4300 4.4300 4.3100
2018/11/08 4.3800 8098.0000 4.2800 4.3800 4.0900
2018/11/07 4.3100 760.0000 4.4600 4.4600 4.3100
2018/11/06 4.3800 3318.0000 4.4000 4.4800 4.3800
2018/11/05 4.4100 10199.0000 4.3372 4.5300 4.3025
2018/11/02 4.4500 1813.0000 4.3200 4.5200 4.3200
2018/11/01 4.3200 0.0000 4.3200 4.3200 4.3200
2018/10/31 4.3200 312.0000 4.3100 4.3200 4.3100
2018/10/30 4.3300 1182.0000 4.1854 4.3300 4.1205
2018/10/29 4.2800 10610.0000 4.0000 4.2800 3.9600
2018/10/26 3.8800 9327.0000 4.0000 4.0965 3.8800
2018/10/25 4.0500 5163.0000 3.9400 4.0900 3.9400
2018/10/24 3.9000 5802.0000 3.9400 3.9799 3.9000
2018/10/23 3.9200 2627.0000 4.0000 4.0000 3.9200
2018/10/22 3.9300 6481.0000 3.9113 3.9992 3.9113
2018/10/19 3.9304 4167.0000 3.9600 3.9600 3.9200
2018/10/18 3.9400 3836.0000 3.9710 3.9900 3.9400
2018/10/17 3.9500 8012.0000 3.9400 3.9985 3.9400
2018/10/16 3.9400 10755.0000 4.0900 4.0999 3.9400
2018/10/15 4.1000 5111.0000 4.1000 4.1323 3.8600
2018/10/12 4.2000 2051.0000 4.2993 4.2993 4.2000
2018/10/11 4.3100 9266.0000 4.1000 4.3100 4.1000
2018/10/10 4.0800 8682.0000 4.3500 4.3500 4.0800
2018/10/09 4.3100 4234.0000 4.4000 4.4100 4.3100
2018/10/08 4.4800 2544.0000 4.4500 4.5400 4.4500
2018/10/05 4.5400 2928.0000 4.6100 4.6200 4.5400
2018/10/04 4.6400 3035.0000 4.7800 4.7800 4.6100
2018/10/03 4.8200 1959.0000 4.7400 4.8900 4.7154
2018/10/02 4.7800 17967.0000 4.8260 4.8700 4.6500
2018/10/01 4.8900 7002.0000 4.8500 4.8900 4.7500
2018/09/28 4.8500 9918.0000 4.6000 4.9000 4.6000
2018/09/27 4.5500 3578.0000 4.8000 4.8500 4.5500
2018/09/26 4.8500 2727.0000 4.7530 4.8500 4.6500
2018/09/25 4.8500 47444.0000 4.3500 4.9000 4.3500
2018/09/24 4.3000 38757.0000 4.1500 4.3000 4.0000
2018/09/21 4.1500 33343.0000 3.9500 4.2000 3.9500
2018/09/20 4.0000 29324.0000 3.8500 4.0000 3.8000
2018/09/19 3.9000 62037.0000 3.9000 3.9500 3.7000
2018/09/18 3.9500 28455.0000 3.9000 4.0000 3.9000
2018/09/17 3.9000 22564.0000 4.0000 4.1000 3.8000
2018/09/14 4.0000 42374.0000 4.1500 4.6500 4.0000
2018/09/13 4.1000 19979.0000 4.3500 4.4000 4.1000
2018/09/12 4.3500 18577.0000 4.6000 4.8500 4.2500
2018/09/11 4.3500 17084.0000 4.1000 4.5000 4.1000
2018/09/10 4.5738 17739.0000 5.0000 5.0000 4.5500
2018/09/07 5.1000 5865.0000 4.9000 5.1000 4.9000
2018/09/06 5.0000 626.0000 4.9590 5.0000 4.9000
2018/09/05 5.0500 13775.0000 4.9500 5.1500 4.9000
2018/09/04 5.3500 13123.0000 4.9500 5.3500 4.9500
2018/08/31 4.9500 2558.0000 4.9500 5.0000 4.9500
2018/08/30 4.9000 3329.0000 4.9500 5.0000 4.9000
2018/08/29 4.9500 11301.0000 4.9500 5.0000 4.9500
2018/08/28 4.9500 198.0000 4.9500 4.9500 4.9500
2018/08/27 4.9500 2439.0000 4.9740 5.0500 4.9500
2018/08/24 4.9000 644.0000 5.0000 5.0000 4.9000
2018/08/23 4.8000 0.0000 4.8000 4.8000 4.8000
2018/08/22 4.8000 0.0000 4.8000 4.8000 4.8000
2018/08/21 4.8000 8194.0000 4.8917 5.0125 4.8000
2018/08/20 4.8500 21982.0000 5.0500 5.1000 4.8500
2018/08/17 5.0000 1285.0000 4.9880 5.0500 4.9500
2018/08/16 5.0000 1211.0000 5.0000 5.0000 5.0000
2018/08/15 4.9000 1372.0000 4.9010 4.9010 4.9000
2018/08/14 4.9945 1152.0000 4.9500 4.9945 4.9500
2018/08/13 5.0000 6230.0000 4.9500 5.0000 4.8500
2018/08/10 4.9000 3193.0000 4.8501 4.9000 4.8501
2018/08/09 4.9000 700.0000 4.9000 4.9000 4.9000
2018/08/08 4.9000 0.0000 4.9000 4.9000 4.9000
2018/08/07 4.9000 1030.0000 4.9500 4.9500 4.9000
2018/08/06 4.9500 9508.0000 5.0510 5.0754 4.8597
2018/08/03 5.0500 1719.0000 5.1500 5.1500 5.0500
2018/08/02 5.1150 1102.0000 5.1000 5.1150 5.1000
2018/08/01 5.1000 7724.0000 5.0500 5.1000 5.0500
2018/07/31 5.1747 7967.0000 4.9500 5.2000 4.9500
2018/07/30 5.0000 919.0000 5.0000 5.0000 4.9500
2018/07/27 4.9500 1352.0000 4.9500 5.0000 4.9500
2018/07/26 4.9500 1222.0000 4.8753 4.9500 4.8753
2018/07/25 4.9499 4658.0000 4.8499 4.9500 4.8000
2018/07/24 4.7000 8237.0000 4.7500 4.8500 4.7000
2018/07/23 4.7000 263.0000 4.7000 4.7000 4.7000
2018/07/20 4.7000 541.0000 4.7000 4.7000 4.7000
2018/07/19 4.6500 2444.0000 4.6600 4.7500 4.6500
2018/07/18 4.7000 1799.0000 4.6515 4.7000 4.6515
2018/07/17 4.7000 9006.0000 4.6000 4.7000 4.5999
2018/07/16 4.6000 2803.0000 4.6000 4.6000 4.6000
2018/07/13 4.6500 3455.0000 4.6650 4.6650 4.6000
2018/07/12 4.7000 5009.0000 4.6500 4.7500 4.5000
2018/07/11 4.7500 12158.0000 4.4500 4.7500 4.4500
2018/07/10 4.5500 3301.0000 4.6500 4.6500 4.5000
2018/07/09 4.5500 1339.0000 4.4999 4.5500 4.4999
2018/07/06 4.4098 345.0000 4.4098 4.4098 4.4098
2018/07/05 4.4500 3319.0000 4.5000 4.5000 4.3000
2018/07/03 4.6500 244.0000 4.6000 4.6500 4.6000
2018/07/02 4.6500 8723.0000 4.3500 4.6500 4.3500
2018/06/29 4.4000 3542.0000 4.1010 4.4500 4.1010
2018/06/28 4.4000 17609.0000 4.4000 4.4000 4.3500
2018/06/27 4.3500 33683.0000 4.8000 4.8000 4.3500
2018/06/26 4.8500 3068.0000 4.9000 4.9500 4.8500
2018/06/25 4.9000 4660.0000 4.8000 4.9000 4.7500
2018/06/22 4.8000 12279.0000 4.8000 4.9499 4.8000
2018/06/21 4.8000 36979.0000 4.5500 4.9000 4.5000
2018/06/20 4.5000 13118.0000 4.5000 4.5542 4.4500
2018/06/19 4.5000 3505.0000 4.4000 4.6000 4.4000
2018/06/18 4.5500 13266.0000 4.5000 4.5750 4.5000
2018/06/15 4.5500 3694.0000 4.5000 4.5500 4.5000
2018/06/14 4.5250 2926.0000 4.5000 4.5250 4.4500
2018/06/13 4.5500 950.0000 4.4763 4.5500 4.4763
2018/06/12 4.5500 10623.0000 4.4500 4.5500 4.4500
2018/06/11 4.5500 3864.0000 4.5500 4.5500 4.4500
2018/06/08 4.5000 8211.0000 4.5000 4.5500 4.4501
2018/06/07 4.5000 16535.0000 4.6000 4.6500 4.4500
2018/06/06 4.6500 3621.0000 4.8000 4.8000 4.6500
2018/06/05 4.8000 10358.0000 4.8000 4.8000 4.7000
2018/06/04 4.7000 6193.0000 4.7000 4.7500 4.6000
2018/06/01 4.6000 10956.0000 4.8500 4.8500 4.5510
2018/05/31 4.8500 4278.0000 4.7510 4.8500 4.7510
2018/05/30 4.7500 8267.0000 4.7500 4.8500 4.7500
2018/05/29 4.7500 10991.0000 4.5500 4.8000 4.5500
2018/05/25 4.6000 17583.0000 4.4490 4.6000 4.4250
2018/05/24 4.4000 20312.0000 4.4000 4.4500 4.3500
2018/05/23 4.4500 19223.0000 4.4000 4.4500 4.3000
2018/05/22 4.3500 16326.0000 4.4000 4.4500 4.3500
2018/05/21 4.3000 8275.0000 4.2500 4.4000 4.2500
2018/05/18 4.3000 3954.0000 4.3000 4.3000 4.2515
2018/05/17 4.3000 8381.0000 4.2501 4.3000 4.2501
2018/05/16 4.2500 6546.0000 4.2500 4.3000 4.2500
2018/05/15 4.3000 2042.0000 4.2430 4.3000 4.2430
2018/05/14 4.3000 6606.0000 4.2000 4.3250 4.2000
2018/05/11 4.3000 7434.0000 4.1500 4.3000 4.1215
2018/05/10 4.1499 36874.0000 4.1015 4.1500 4.0632
2018/05/09 4.1500 26390.0000 4.2000 4.2250 4.1000
2018/05/08 4.2000 4382.0000 4.2000 4.2000 4.1999
2018/05/07 4.2500 4806.0000 4.2499 4.2500 4.2499
2018/05/04 4.2000 10416.0000 4.1030 4.2500 4.1000
2018/05/03 4.1500 7394.0000 4.1215 4.2000 4.1215
2018/05/02 4.2000 11021.0000 4.1500 4.2000 4.1010
2018/05/01 4.2000 2575.0000 4.1000 4.2000 4.1000
2018/04/30 4.1500 6914.0000 4.0500 4.2000 4.0500
2018/04/27 4.1500 1759.0000 4.0848 4.1500 4.0848
2018/04/26 4.0500 4167.0000 4.1000 4.1900 4.0500
2018/04/25 4.2000 8073.0000 4.3000 4.3000 4.0500
2018/04/24 4.2500 1216.0000 4.2500 4.2500 4.2500
2018/04/23 4.3871 869.0000 4.3869 4.3871 4.3869
2018/04/20 4.3302 2278.0000 4.3500 4.3500 4.3250
2018/04/19 4.2500 533.0000 4.2500 4.2500 4.2500
2018/04/18 4.3000 4101.0000 4.3000 4.4000 4.3000
2018/04/17 4.3000 2916.0000 4.2499 4.3000 4.2499
2018/04/16 4.2500 12732.0000 4.2000 4.2500 4.2000
2018/04/13 4.2500 890.0000 4.2280 4.2500 4.2280
2018/04/12 4.2500 1231.0000 4.2499 4.2500 4.2499
2018/04/11 4.2499 1164.0000 4.2499 4.2499 4.2499
2018/04/10 4.2500 4563.0000 4.2000 4.2500 4.2000
2018/04/09 4.2499 4007.0000 4.1000 4.2499 4.1000
2018/04/06 4.1000 23600.0000 4.3000 4.3000 3.9500
2018/04/05 4.3000 866.0000 4.3000 4.3000 4.2500
2018/04/04 4.3000 1281.0000 4.1998 4.3000 4.1998
2018/04/03 4.2500 11098.0000 4.1500 4.3000 4.1500
2018/04/02 4.0974 32912.0000 4.0500 4.2500 4.0380
2018/03/29 4.1000 8482.0000 4.1500 4.1624 4.1000
2018/03/28 4.0500 30074.0000 4.3500 4.3500 4.0000
2018/03/27 4.2511 4364.0000 4.3000 4.3070 4.2500
2018/03/26 4.4000 11086.0000 4.3000 4.5000 4.2399
2018/03/23 4.3000 22563.0000 4.2000 4.3000 4.2000
2018/03/22 4.3000 2471.0000 4.3010 4.3010 4.2585
2018/03/21 4.3500 3693.0000 4.3499 4.4000 4.3499
2018/03/20 4.3000 20241.0000 4.4000 4.4500 4.2000
2018/03/19 4.4000 1683.0000 4.4000 4.4500 4.4000
2018/03/16 4.4000 3567.0000 4.3000 4.5000 4.3000
2018/03/15 4.4000 8367.0000 4.2500 4.5000 4.2500
2018/03/14 4.3000 1725.0000 4.4500 4.4500 4.3000
2018/03/13 4.3500 2253.0000 4.3500 4.4000 4.3500
2018/03/12 4.4311 12530.0000 4.3500 4.5000 4.3500
2018/03/09 4.5000 313.0000 4.5000 4.5000 4.5000
2018/03/08 4.4500 321.0000 4.4500 4.4500 4.4500
2018/03/07 4.4000 2668.0000 4.4500 4.5000 4.4000
2018/03/06 4.4000 4744.0000 4.4125 4.4500 4.3501
2018/03/05 4.4500 4187.0000 4.4000 4.4500 4.3500
2018/03/02 4.4500 3022.0000 4.3500 4.5000 4.3500
2018/03/01 4.5000 10479.0000 4.4500 4.5500 4.4499
2018/02/28 4.5000 9769.0000 4.5500 4.5999 4.4500
2018/02/27 4.5000 6656.0000 4.6500 4.6500 4.5000
2018/02/26 4.6500 4823.0000 4.6500 4.7000 4.6500
2018/02/23 4.7000 10880.0000 4.6000 4.7000 4.5750
2018/02/22 4.6000 11224.0000 4.5499 4.6000 4.4696
2018/02/21 4.4000 23258.0000 4.2500 4.4000 4.2500
2018/02/20 4.2000 14938.0000 4.2000 4.3000 4.1500
2018/02/16 4.2000 2400.0000 4.2500 4.2500 4.2000
2018/02/15 4.2000 5133.0000 4.2250 4.3000 4.2000
2018/02/14 4.2000 8555.0000 4.2500 4.2500 4.2000
2018/02/13 4.2500 621.0000 4.2555 4.2555 4.2500
2018/02/12 4.2500 1810.0000 4.2500 4.3000 4.2500
2018/02/09 4.3000 12646.0000 4.3096 4.3444 4.1500
2018/02/08 4.2500 19906.0000 4.7000 4.7000 4.2000
2018/02/07 4.6990 109.0000 4.6990 4.6990 4.6990
2018/02/06 4.6750 9895.0000 4.6000 4.6750 4.6000
2018/02/05 4.6000 21405.0000 4.6000 4.6500 4.6000
2018/02/02 4.6500 3044.0000 4.6500 4.6500 4.6000
2018/02/01 4.6752 224.0000 4.6752 4.6752 4.6752
2018/01/31 4.7000 5505.0000 4.7500 4.7500 4.7000
2018/01/30 4.6500 2876.0000 4.6000 4.6500 4.6000
2018/01/29 4.7000 2538.0000 4.6000 4.7000 4.6000
2018/01/26 4.7000 19995.0000 4.6000 4.7620 4.6000
2018/01/25 4.6250 2036.0000 4.6000 4.7000 4.6000
2018/01/24 4.6000 12951.0000 4.7000 4.7000 4.5500
2018/01/23 4.7000 26846.0000 4.5000 4.7500 4.5000
2018/01/22 4.5250 6269.0000 4.5000 4.5499 4.5000
2018/01/19 4.5500 26650.0000 4.6000 4.6000 4.5000
2018/01/18 4.6500 8102.0000 4.6500 4.6500 4.6000
2018/01/17 4.6500 22696.0000 4.8000 4.8000 4.6000
2018/01/16 4.8000 30621.0000 4.8000 4.8500 4.7500
2018/01/12 4.7500 14382.0000 4.8500 4.9000 4.7500
2018/01/11 4.8500 7230.0000 4.7500 4.8500 4.7500
2018/01/10 4.8000 16463.0000 4.8500 4.8500 4.7500
2018/01/09 4.8000 13806.0000 4.8000 4.8484 4.7500
2018/01/08 4.8000 6364.0000 4.7500 4.8000 4.6570
2018/01/05 4.7500 11887.0000 4.8011 4.8499 4.6743
2018/01/04 4.8500 13081.0000 4.8000 4.8500 4.6750
2018/01/03 4.7750 11824.0000 4.9500 4.9500 4.7500
2018/01/02 4.9500 8587.0000 5.1000 5.1500 4.9500
2017/12/29 5.0500 21682.0000 4.7500 5.0500 4.7000
2017/12/28 4.7500 1033.0000 4.7498 4.7500 4.7000
2017/12/27 4.6535 2888.0000 4.7500 4.7500 4.6500
2017/12/26 4.7500 8444.0000 4.8406 4.9000 4.6748
2017/12/22 4.9000 12339.0000 4.7510 4.9000 4.7500
2017/12/21 4.7500 5229.0000 4.5500 4.7995 4.5500
2017/12/20 4.7000 8086.0000 4.8000 4.8000 4.6000
2017/12/19 4.5000 25530.0000 4.7500 4.8000 4.5000
2017/12/18 4.6500 5889.0000 4.7170 4.9000 4.6500
2017/12/15 4.9000 48696.0000 5.1500 5.2750 4.5000
2017/12/14 5.1500 19340.0000 5.2500 5.5000 5.1500
2017/12/13 5.1500 14459.0000 5.2500 5.2500 5.1500
2017/12/12 5.4000 14927.0000 5.2270 5.5000 5.2270
2017/12/11 5.2000 2031.0000 5.2000 5.3000 5.2000
2017/12/08 5.2838 982.0000 5.2000 5.2990 5.2000
2017/12/07 5.2500 5114.0000 5.3500 5.3500 5.0510
2017/12/06 5.3500 3465.0000 5.4500 5.4528 5.3500
2017/12/05 5.4000 2093.0000 5.4000 5.4000 5.3500
2017/12/04 5.4000 9842.0000 5.5500 5.7227 5.3510
2017/12/01 5.6500 2465.0000 5.5630 5.6500 5.5000
2017/11/30 5.6499 6798.0000 5.6600 5.6600 5.4500
2017/11/29 5.7000 7389.0000 5.7000 5.7499 5.6000
2017/11/28 5.7500 2072.0000 5.6520 5.7500 5.6520
2017/11/27 5.7500 5656.0000 5.6500 5.7500 5.5070
2017/11/24 5.7000 2547.0000 5.5000 5.7000 5.4500
2017/11/22 5.5490 5297.0000 5.2500 5.5490 5.2000
2017/11/21 5.3500 3115.0000 5.2375 5.5500 5.2375
2017/11/20 5.2460 2927.0000 5.2000 5.2460 5.1001
2017/11/17 5.1500 1013.0000 5.1480 5.2000 5.1203
2017/11/16 5.1500 395.0000 5.1500 5.1500 5.1500
2017/11/15 5.1000 22780.0000 5.1500 5.1500 4.9000
2017/11/14 5.2000 2521.0000 5.1500 5.2000 5.1500
2017/11/13 5.2000 1162.0000 5.1990 5.2000 5.1990
2017/11/10 5.2000 8212.0000 5.1500 5.3500 5.1000
2017/11/09 5.1001 2223.0000 5.2000 5.3500 5.1001
2017/11/08 5.3500 7130.0000 5.4000 5.4000 5.2000
2017/11/07 5.4500 11492.0000 5.4250 5.4500 5.4000
2017/11/06 5.4000 16887.0000 5.6500 5.6750 5.4000
2017/11/03 5.6500 2974.0000 5.5510 5.6500 5.4500
2017/11/02 5.5500 6152.0000 5.6490 5.6920 5.5500
2017/11/01 5.7000 13364.0000 5.8000 5.8792 5.5500
2017/10/31 5.9001 9200.0000 5.7500 5.9499 5.7500
2017/10/30 5.7000 10010.0000 5.9000 5.9499 5.5788
2017/10/27 5.9000 8149.0000 5.7500 5.9000 5.7124
2017/10/26 5.8000 2559.0000 5.6500 5.8000 5.6500
2017/10/25 5.5500 690.0000 5.7500 5.7500 5.5500
2017/10/24 5.7000 707.0000 5.7250 5.7250 5.7000
2017/10/23 5.7500 17591.0000 5.6000 5.8000 5.6000
2017/10/20 5.7000 15363.0000 5.6500 5.8500 5.6500
2017/10/19 5.7500 18495.0000 5.6500 5.8000 5.5500
2017/10/18 5.8000 14282.0000 5.6000 5.8000 5.6000
2017/10/17 5.6499 2020.0000 5.7500 5.7500 5.5000
2017/10/16 5.7000 12305.0000 5.5500 5.7500 5.4500
2017/10/13 5.4000 18028.0000 5.6000 5.6468 5.3500
2017/10/12 5.6500 8266.0000 5.6000 5.7500 5.6000
2017/10/11 5.7000 9354.0000 5.7000 5.7535 5.6570
2017/10/10 5.6750 10640.0000 5.6500 5.7000 5.6500
2017/10/09 5.7750 8987.0000 5.8245 5.8245 5.7470
2017/10/06 5.8000 31969.0000 5.6000 5.8500 5.2700
2017/10/05 5.7000 19012.0000 5.8000 5.8500 5.6500
2017/10/04 5.8000 22636.0000 5.6200 5.9000 5.6001
2017/10/03 5.6500 39387.0000 5.5500 5.8500 5.5500
2017/10/02 5.5500 28777.0000 5.4000 5.6500 5.3752
2017/09/29 5.5000 20840.0000 5.4000 5.7500 5.4000
2017/09/28 5.4500 9229.0000 5.3000 5.5000 5.3000
2017/09/27 5.3500 6052.0000 5.3500 5.4000 5.2750
2017/09/26 5.3999 2689.0000 5.4000 5.4000 5.3500
2017/09/25 5.3000 33029.0000 5.6000 5.6613 5.2500
2017/09/22 5.7000 6177.0000 5.7000 5.8000 5.6500
2017/09/21 5.7500 8768.0000 5.7800 5.7990 5.7500
2017/09/20 5.8000 3927.0000 5.8000 5.8002 5.7500
2017/09/19 5.8000 21060.0000 5.9500 5.9500 5.8000
2017/09/18 5.9500 45780.0000 6.0500 6.0500 5.8200
2017/09/15 5.6500 35704.0000 5.8000 6.0000 5.6500
2017/09/14 6.0000 39844.0000 5.9000 6.0000 5.7539
2017/09/13 5.9500 11043.0000 5.9000 5.9500 5.5648
2017/09/12 5.9000 12023.0000 5.7074 5.9500 5.7074
2017/09/11 5.9000 13123.0000 5.9000 5.9000 5.3657
2017/09/08 5.8500 7204.0000 5.7000 5.8500 5.5510
2017/09/07 5.7000 8672.0000 5.7500 5.7500 5.6116
2017/09/06 5.7000 12637.0000 5.5000 5.7500 5.5000
2017/09/05 5.5000 12762.0000 5.1000 5.5000 5.1000
2017/09/01 5.2500 5870.0000 5.2000 5.3000 5.1020
2017/08/31 5.2000 5118.0000 5.2910 5.3000 5.1000
2017/08/30 5.2000 2151.0000 5.2500 5.2500 5.1500
2017/08/29 5.0939 208.0000 5.0939 5.0939 5.0939
2017/08/28 5.1000 11590.0000 4.9500 5.1500 4.9500
2017/08/25 5.0000 3510.0000 4.9500 5.0940 4.9500
2017/08/24 4.9000 6179.0000 5.0000 5.1000 4.9000
2017/08/23 5.1000 4938.0000 5.1000 5.2000 4.9830
2017/08/22 5.0000 3880.0000 5.3500 5.3500 5.0000
2017/08/21 5.3500 47535.0000 5.1500 5.3500 4.8500
2017/08/18 5.3500 8604.0000 5.5000 5.5000 5.2500
2017/08/17 5.5000 8013.0000 5.5000 5.5000 5.4250
2017/08/16 5.5500 2207.0000 5.6000 5.6000 5.5000
2017/08/15 5.5000 2206.0000 5.5000 5.5000 5.4619
2017/08/14 5.4500 7394.0000 5.4000 5.5110 5.4000
2017/08/11 5.3500 2620.0000 5.4500 5.4500 5.3000
2017/08/10 5.3400 434.0000 5.3400 5.3400 5.3400
2017/08/09 5.4500 5850.0000 5.3500 5.5000 5.3011
2017/08/08 5.4000 6237.0000 5.4500 5.5000 5.3500
2017/08/07 5.5000 8142.0000 5.5000 5.5000 5.4500
2017/08/04 5.4500 2855.0000 5.3750 5.4500 5.3750
2017/08/03 5.4500 5032.0000 5.3000 5.4500 5.2501
2017/08/02 5.3515 27776.0000 5.3554 5.4500 5.2500
2017/08/01 5.4400 2437.0000 5.3500 5.4500 5.3500
2017/07/31 5.4500 12190.0000 5.3500 5.4500 5.3000
2017/07/28 5.4000 1666.0000 5.4950 5.5000 5.4000
2017/07/27 5.5000 9567.0000 5.5001 5.5001 5.4000
2017/07/26 5.5000 10186.0000 5.5000 5.6000 5.5000
2017/07/25 5.4500 40544.0000 5.5000 5.6500 5.3500
2017/07/24 5.6000 8953.0000 5.7000 5.7000 5.6000
2017/07/21 5.6500 6030.0000 5.4330 5.6500 5.3510
2017/07/20 5.6500 15946.0000 5.7500 5.7500 5.5000
2017/07/19 5.7000 23592.0000 5.4500 5.9467 5.4373
2017/07/18 5.4500 11368.0000 5.3000 5.4500 5.3000
2017/07/17 5.3000 20469.0000 5.3500 5.3500 5.2500
2017/07/14 5.2500 9301.0000 5.3000 5.3000 5.2000
2017/07/13 5.3000 13102.0000 5.3000 5.3000 5.2500
2017/07/12 5.2999 16633.0000 5.3000 5.4000 5.2500
2017/07/11 5.2000 2235.0000 5.3750 5.4000 5.2000
2017/07/10 5.3500 14250.0000 5.3500 5.4000 5.2510
2017/07/07 5.1500 11207.0000 5.0000 5.1500 5.0000
2017/07/06 5.0500 8640.0000 5.2500 5.2500 5.0500
2017/07/05 5.2500 6841.0000 5.4000 5.4000 5.2500
2017/07/03 5.3430 11639.0000 5.3500 5.4000 5.3430
2017/06/30 5.3500 7201.0000 5.3000 5.3500 5.3000
2017/06/29 5.3485 6891.0000 5.3500 5.4000 5.3000
2017/06/28 5.3000 18514.0000 5.3000 5.4000 5.3000
2017/06/27 5.3500 12247.0000 5.3000 5.4000 5.3000
2017/06/26 5.2500 28916.0000 5.1500 5.3500 5.1000
2017/06/23 5.1000 26586.0000 5.1000 5.1500 5.0500
2017/06/22 5.0500 16042.0000 5.0000 5.0500 4.9500
2017/06/21 4.9500 16275.0000 5.0000 5.0000 4.9001
2017/06/20 5.0000 22916.0000 4.6001 5.0000 4.6001
2017/06/19 4.5500 11065.0000 4.7000 4.7000 4.5500
2017/06/16 4.6500 16199.0000 4.7500 4.9000 4.6500
2017/06/15 4.9000 15387.0000 4.8500 5.0000 4.7500
2017/06/14 4.9500 32834.0000 4.9500 5.0000 4.9000
2017/06/13 4.9000 18549.0000 4.8500 4.9500 4.8500
2017/06/12 4.8500 20737.0000 4.4500 4.8953 4.4500
2017/06/09 4.5000 7903.0000 4.5500 4.5500 4.4000
2017/06/08 4.4500 4573.0000 4.4500 4.5000 4.4500
2017/06/07 4.5500 1807.0000 4.5500 4.5500 4.5000
2017/06/06 4.5500 2034.0000 4.5500 4.6000 4.5432
2017/06/05 4.5500 4882.0000 4.5000 4.5500 4.5000
2017/06/02 4.5000 7177.0000 4.5738 4.5975 4.5000
2017/06/01 4.5500 3031.0000 4.5560 4.6000 4.5500
2017/05/31 4.5500 3795.0000 4.5530 4.5530 4.5000
2017/05/30 4.5500 1959.0000 4.5500 4.6000 4.5070
2017/05/26 4.5500 662.0000 4.6000 4.6000 4.5500
2017/05/25 4.5000 5777.0000 4.6450 4.6500 4.5000
2017/05/24 4.5500 4833.0000 4.5500 4.6500 4.5000
2017/05/23 4.6000 10210.0000 4.5500 4.6001 4.5000
2017/05/22 4.5500 9210.0000 4.4463 4.5500 4.4463
2017/05/19 4.4500 14111.0000 4.3000 4.4500 4.2750
2017/05/18 4.2500 3479.0000 4.1005 4.2500 4.1005
2017/05/17 4.1500 36375.0000 4.3000 4.3000 4.1000
2017/05/16 4.3000 3725.0000 4.2500 4.3000 4.2394
2017/05/15 4.2000 1808.0000 4.1000 4.2000 4.1000
2017/05/12 4.1500 17819.0000 4.0000 4.1500 3.9875
2017/05/11 4.0500 9757.0000 4.1000 4.1438 4.0000
2017/05/10 4.0500 3634.0000 3.9500 4.0500 3.9500
2017/05/09 4.0000 16345.0000 4.1500 4.1708 3.9195
2017/05/08 4.1501 2939.0000 4.2000 4.2000 4.1501
2017/05/05 4.2000 12606.0000 4.2490 4.2490 4.1500
2017/05/04 4.2500 25092.0000 4.2500 4.3000 4.2490
2017/05/03 4.3000 8124.0000 4.4500 4.4500 4.2500
2017/05/02 4.5000 11918.0000 4.6000 4.6000 4.4500
2017/05/01 4.6000 9046.0000 4.5000 4.6499 4.5000
2017/04/28 4.5000 5884.0000 4.5500 4.5500 4.4500
2017/04/27 4.5000 6660.0000 4.5500 4.6001 4.5000
2017/04/26 4.6000 6086.0000 4.6500 4.6550 4.5677
2017/04/25 4.6501 20866.0000 4.3784 4.7000 4.3784
2017/04/24 4.4000 25561.0000 4.5000 4.5500 4.2137
2017/04/21 4.4500 25311.0000 3.9500 4.4940 3.8500
2017/04/20 3.9499 13388.0000 3.8500 3.9499 3.8500
2017/04/19 3.8500 3901.0000 3.7500 3.8500 3.7500
2017/04/18 3.7500 8946.0000 3.7000 3.7800 3.7000
2017/04/17 3.8000 3303.0000 3.7000 3.8000 3.7000
2017/04/13 3.8000 5351.0000 3.7330 3.8000 3.7000
2017/04/12 3.6500 13311.0000 3.6500 3.7000 3.5500
2017/04/11 3.6500 7717.0000 3.7000 3.7000 3.6500
2017/04/10 3.7000 5297.0000 3.7000 3.7010 3.7000
2017/04/07 3.8000 25980.0000 3.8500 3.8500 3.6500
2017/04/06 3.8000 8471.0000 3.9000 4.0933 3.8000
2017/04/05 4.0000 14968.0000 3.9500 4.0931 3.7500
2017/04/04 3.8000 6372.0000 3.8990 3.8990 3.7940
2017/04/03 3.8000 6017.0000 4.0000 4.0000 3.8000
2017/03/31 3.9500 752.0000 3.9870 4.0000 3.9450
2017/03/30 3.9000 3368.0000 3.7500 3.9000 3.7500
2017/03/29 3.7500 16068.0000 4.0999 4.0999 3.7500
2017/03/28 4.0000 1694.0000 4.0000 4.0440 3.9000
2017/03/27 4.0000 632.0000 4.0000 4.0000 4.0000
2017/03/24 4.0000 7875.0000 3.8500 4.0000 3.8500
2017/03/23 3.8499 1912.0000 3.8000 3.8499 3.8000
2017/03/22 3.8000 13072.0000 3.9000 3.9500 3.7500
2017/03/21 3.9500 279.0000 3.9500 3.9500 3.9500
2017/03/20 4.0000 2505.0000 4.1500 4.1500 3.9500
2017/03/17 4.1500 2736.0000 4.0500 4.1500 3.9500
2017/03/16 3.9500 798.0000 3.9000 3.9500 3.9000
2017/03/15 3.9000 7746.0000 3.9500 4.0000 3.9000
2017/03/14 3.9000 15492.0000 3.9500 3.9500 3.9000
2017/03/13 4.0000 27753.0000 4.0000 4.2000 3.9500
2017/03/10 3.9500 1583.0000 4.0500 4.1000 3.9500
2017/03/09 4.0500 1762.0000 4.0400 4.1000 4.0400
2017/03/08 4.1000 33149.0000 4.0500 4.2499 4.0000
2017/03/07 4.0500 37005.0000 4.1320 4.1500 4.0000
2017/03/06 4.0500 2207.0000 4.2500 4.2500 4.0500
2017/03/03 4.2000 47092.0000 4.1450 4.4000 4.0500
2017/03/02 4.1500 55297.0000 4.1500 4.4500 4.1000
2017/03/01 4.1500 7694.0000 4.2000 4.2500 4.1500
2017/02/28 4.1500 6992.0000 4.2150 4.2230 4.1500
2017/02/27 4.2000 1875.0000 4.1500 4.2500 4.1500
2017/02/24 4.1500 949.0000 4.1999 4.2000 4.1123
2017/02/23 4.2000 1211.0000 4.1573 4.2340 4.1573
2017/02/22 4.2500 3983.0000 4.2500 4.2500 4.1500
2017/02/21 4.2000 3472.0000 4.2000 4.2499 4.2000
2017/02/17 4.2000 0.0000 4.2000 4.2000 4.2000
2017/02/16 4.2000 2472.0000 4.2495 4.2500 4.2000
2017/02/15 4.2499 2917.0000 4.2500 4.2500 4.1500
2017/02/14 4.2499 4169.0000 4.2000 4.2499 4.2000
2017/02/13 4.2464 5487.0000 4.1500 4.2464 4.1500
2017/02/10 4.2500 5645.0000 4.1500 4.2500 4.1500
2017/02/09 4.1500 8806.0000 4.4000 4.4000 4.1500
2017/02/08 4.3500 8766.0000 4.3370 4.3500 4.3000
2017/02/07 4.3000 514.0000 4.3000 4.3000 4.3000
2017/02/06 4.3000 700.0000 4.3000 4.3000 4.3000
2017/02/03 4.3180 8359.0000 4.4000 4.4000 4.3000
2017/02/02 4.5500 7284.0000 4.3554 4.5500 4.3554
2017/02/01 4.4500 1425.0000 4.4001 4.4500 4.4001
2017/01/31 4.4000 6669.0000 4.4000 4.5000 4.3956
2017/01/30 4.4000 4359.0000 4.4500 4.4500 4.3500
2017/01/27 4.4500 3086.0000 4.5149 4.5149 4.4500
2017/01/26 4.5000 9121.0000 4.5500 4.5981 4.5000
2017/01/25 4.5500 16446.0000 4.5500 4.6000 4.4998
2017/01/24 4.4610 12500.0000 4.4500 4.5500 4.3501
2017/01/23 4.4000 34256.0000 4.1000 4.5000 4.0500
2017/01/20 4.0150 943.0000 4.0440 4.0440 4.0150
2017/01/19 3.9500 6619.0000 3.9990 3.9990 3.9500
2017/01/18 3.9500 14422.0000 4.0000 4.0040 3.9500
2017/01/17 4.0500 9089.0000 4.1000 4.1000 4.0500
2017/01/13 4.1000 1915.0000 4.0510 4.1000 4.0510
2017/01/12 4.0550 4537.0000 4.1500 4.2000 4.0550
2017/01/11 4.2000 2469.0000 4.3500 4.3500 4.1750
2017/01/10 4.3000 6309.0000 4.3500 4.3500 4.3000
2017/01/09 4.3503 9903.0000 4.3999 4.3999 4.3500
2017/01/06 4.4500 10641.0000 4.5000 4.5000 4.4000
2017/01/05 4.3500 16119.0000 4.5500 4.5500 4.3000
2017/01/04 4.4000 3879.0000 4.5000 4.5500 4.4000
2017/01/03 4.4000 15171.0000 4.2973 4.5500 4.2973