date close volume open high low
2018/12/31 4.8100 448348.0000 4.5900 4.8300 4.4200
2018/12/28 4.6400 262947.0000 4.8300 4.8600 4.6000
2018/12/27 4.8000 482160.0000 4.5000 4.8300 4.4400
2018/12/26 4.5100 330925.0000 4.4200 4.6800 4.4200
2018/12/24 4.4700 316679.0000 4.5800 4.6250 4.2600
2018/12/21 4.7300 509793.0000 5.2000 5.2200 4.7200
2018/12/20 5.1800 193967.0000 5.2600 5.4200 5.1628
2018/12/19 5.2600 302832.0000 5.1800 5.5200 5.1200
2018/12/18 5.1300 226602.0000 5.3000 5.3400 5.0600
2018/12/17 5.2600 275017.0000 5.5000 5.5700 5.2100
2018/12/14 5.5000 161549.0000 5.5500 5.7300 5.4800
2018/12/13 5.6300 118638.0000 5.7800 5.7800 5.5700
2018/12/12 5.6200 204973.0000 5.5400 5.6911 5.4600
2018/12/11 5.5100 100112.0000 5.5700 5.6900 5.3600
2018/12/10 5.5100 170331.0000 5.5800 5.7000 5.4000
2018/12/07 5.6400 183544.0000 5.4400 5.7100 5.4400
2018/12/06 5.4400 332367.0000 5.5700 5.6500 5.3800
2018/12/04 5.6600 226621.0000 5.9000 6.1300 5.6400
2018/12/03 5.9000 243724.0000 5.6700 5.9100 5.5200
2018/11/30 5.5400 313537.0000 5.8100 5.8300 5.4700
2018/11/29 5.8300 138491.0000 5.8300 5.9900 5.7860
2018/11/28 5.8300 177750.0000 5.6500 5.8700 5.6200
2018/11/27 5.6600 89674.0000 5.7800 5.7800 5.6500
2018/11/26 5.8000 149119.0000 5.6400 5.9299 5.6400
2018/11/23 5.6100 71629.0000 5.6000 5.8000 5.6000
2018/11/21 5.6200 146112.0000 5.4500 5.6527 5.4500
2018/11/20 5.4100 283432.0000 5.7200 5.8500 5.3900
2018/11/19 5.7600 228503.0000 6.0000 6.0818 5.7100
2018/11/16 6.0200 139481.0000 6.0000 6.1000 5.8000
2018/11/15 6.1000 234591.0000 5.8300 6.1950 5.7500
2018/11/14 5.8300 132479.0000 5.9100 5.9400 5.7300
2018/11/13 5.8500 181609.0000 5.8700 5.9918 5.7300
2018/11/12 5.8600 285359.0000 5.9900 6.0900 5.6700
2018/11/09 6.0500 313934.0000 6.1600 6.2000 5.8394
2018/11/08 6.1400 293812.0000 6.4400 6.5900 6.0800
2018/11/07 6.4300 348788.0000 6.0200 6.5550 5.9541
2018/11/06 6.0200 100268.0000 5.9600 6.0700 5.8800
2018/11/05 5.9800 162250.0000 6.0300 6.0800 5.8600
2018/11/02 6.0900 174377.0000 6.0600 6.1700 5.9500
2018/11/01 6.0800 343774.0000 6.1000 6.3300 5.9700
2018/10/31 6.0800 180724.0000 5.9900 6.1350 5.9400
2018/10/30 5.9100 283708.0000 5.9800 6.2300 5.8000
2018/10/29 6.0200 232632.0000 6.0900 6.2000 5.8900
2018/10/26 6.0300 511792.0000 5.9200 6.2000 5.6200
2018/10/25 6.0600 310849.0000 5.9900 6.2425 5.9322
2018/10/24 6.0000 248603.0000 6.2200 6.4000 5.9600
2018/10/23 6.2300 310954.0000 6.2600 6.3500 6.0700
2018/10/22 6.3300 216458.0000 6.2000 6.4000 6.1500
2018/10/19 6.1900 257381.0000 6.4800 6.5598 6.0800
2018/10/18 6.4900 196781.0000 6.4700 6.5999 6.2300
2018/10/17 6.4800 255345.0000 6.2200 6.5400 6.0400
2018/10/16 6.2300 546385.0000 5.9300 6.2600 5.6219
2018/10/15 5.9000 447859.0000 6.2000 6.2310 5.7800
2018/10/12 6.2000 359444.0000 6.5100 6.6300 6.1500
2018/10/11 6.4300 347013.0000 6.2500 6.8000 6.2500
2018/10/10 6.3200 482055.0000 6.9700 7.1000 6.2200
2018/10/09 6.9600 870362.0000 7.0000 7.3000 6.7601
2018/10/08 6.8900 340684.0000 6.5100 6.9250 6.4700
2018/10/05 6.5800 287363.0000 6.2000 6.6200 6.2000
2018/10/04 6.2300 240076.0000 6.5200 6.5260 6.2000
2018/10/03 6.5200 128776.0000 6.2300 6.6500 6.2300
2018/10/02 6.2300 136801.0000 6.4000 6.4900 6.2001
2018/10/01 6.3900 158621.0000 6.4100 6.5531 6.3000
2018/09/28 6.5500 326924.0000 6.2000 6.5500 6.2000
2018/09/27 6.3000 211739.0000 6.6000 6.7170 6.2000
2018/09/26 6.5500 132486.0000 6.8000 6.8000 6.5000
2018/09/25 6.8000 242542.0000 6.6000 6.9000 6.5500
2018/09/24 6.6000 244020.0000 6.2500 6.7000 6.1000
2018/09/21 6.3000 894720.0000 6.8500 7.1330 6.2000
2018/09/20 6.8500 535562.0000 6.1500 6.9500 6.1000
2018/09/19 6.2000 151099.0000 5.9500 6.3000 5.9000
2018/09/18 5.9500 182391.0000 5.8000 6.1200 5.8000
2018/09/17 5.8500 110778.0000 5.9000 5.9950 5.7500
2018/09/14 5.8500 117382.0000 5.9500 6.0000 5.8500
2018/09/13 5.9500 239706.0000 5.8500 6.3500 5.8500
2018/09/12 5.9000 218017.0000 5.9500 5.9850 5.7500
2018/09/11 6.0000 143209.0000 6.1000 6.2000 6.0000
2018/09/10 6.1500 319750.0000 6.3500 6.4000 5.8500
2018/09/07 6.4000 241284.0000 6.5000 6.7000 6.3500
2018/09/06 6.4500 94815.0000 6.4000 6.6000 6.3500
2018/09/05 6.4500 161847.0000 6.3500 6.5500 6.2500
2018/09/04 6.4000 121137.0000 6.4500 6.5000 6.3500
2018/08/31 6.5000 94267.0000 6.3000 6.5000 6.2500
2018/08/30 6.3500 167258.0000 6.3000 6.5000 6.3000
2018/08/29 6.4000 207567.0000 6.2500 6.4250 6.2500
2018/08/28 6.2500 211906.0000 6.5000 6.5000 6.2500
2018/08/27 6.4500 149516.0000 6.3500 6.5000 6.2500
2018/08/24 6.4000 118841.0000 6.6500 6.6500 6.3500
2018/08/23 6.6000 179071.0000 6.4000 6.7500 6.3682
2018/08/22 6.4000 236948.0000 6.2000 6.5000 6.1500
2018/08/21 6.2500 216366.0000 6.1500 6.3500 6.1500
2018/08/20 6.1500 77285.0000 6.2500 6.3000 6.1000
2018/08/17 6.2500 131028.0000 6.2000 6.4000 6.2000
2018/08/16 6.2500 218948.0000 5.9500 6.3000 5.9500
2018/08/15 5.9500 358111.0000 6.3000 6.3203 5.8750
2018/08/14 6.3000 152553.0000 6.5500 6.5500 6.3000
2018/08/13 6.6000 219156.0000 6.6000 6.6500 6.4000
2018/08/10 6.6000 378209.0000 7.2500 7.3500 6.5000
2018/08/09 6.8000 446657.0000 6.2500 6.9000 6.2500
2018/08/08 6.2000 131610.0000 6.3000 6.3500 6.1500
2018/08/07 6.3500 151096.0000 6.4000 6.5950 6.3315
2018/08/06 6.4000 95371.0000 6.2500 6.4450 6.2500
2018/08/03 6.3000 143838.0000 6.4000 6.4500 6.2500
2018/08/02 6.3500 166922.0000 6.1000 6.4500 6.1000
2018/08/01 6.2000 306245.0000 6.2000 6.4713 6.1000
2018/07/31 6.2000 333623.0000 6.4000 6.6500 6.2000
2018/07/30 6.4250 261472.0000 6.5500 6.7400 6.4000
2018/07/27 6.5500 358104.0000 7.1500 7.1500 6.5000
2018/07/26 7.1500 273629.0000 6.6000 7.2500 6.5000
2018/07/25 6.8500 1073831.0000 7.3000 7.3000 6.1500
2018/07/24 7.4000 225278.0000 7.6500 7.7000 7.2500
2018/07/23 7.6500 206392.0000 7.6000 7.9000 7.5500
2018/07/20 7.6750 320654.0000 8.0500 8.1000 7.6000
2018/07/19 8.1000 155167.0000 7.9500 8.1000 7.8500
2018/07/18 7.9500 133965.0000 7.8500 8.0250 7.7000
2018/07/17 7.9250 219298.0000 7.9000 8.0000 7.7000
2018/07/16 7.9500 324830.0000 7.6500 8.0000 7.5500
2018/07/13 7.6000 580112.0000 8.2000 8.2000 7.5000
2018/07/12 8.2500 595186.0000 8.2000 8.4500 8.1050
2018/07/11 8.2500 567985.0000 8.0000 8.4000 8.0000
2018/07/10 7.9500 366317.0000 7.8500 8.0000 7.7500
2018/07/09 7.8000 277582.0000 7.5000 7.8000 7.4000
2018/07/06 7.5500 262541.0000 7.6500 7.7000 7.4500
2018/07/05 7.6000 479812.0000 7.4000 7.7000 7.1500
2018/07/03 7.4000 82136.0000 7.4000 7.4000 7.2498
2018/07/02 7.4500 201092.0000 7.4000 7.5000 7.2500
2018/06/29 7.4500 402224.0000 7.2500 7.5000 7.1500
2018/06/28 7.2500 363522.0000 7.1000 7.2500 6.9000
2018/06/27 7.0750 488901.0000 7.5000 7.5000 7.0500
2018/06/26 7.4500 285422.0000 7.3000 7.5500 7.2500
2018/06/25 7.3000 768631.0000 7.3000 7.5000 6.9500
2018/06/22 7.6000 3008856.0000 7.2000 7.7000 6.8000
2018/06/21 6.9500 503688.0000 7.3000 7.3500 6.9000
2018/06/20 7.2500 455120.0000 7.4000 7.4000 7.0500
2018/06/19 7.2000 1413753.0000 6.9500 7.4500 6.7100
2018/06/18 7.0000 485421.0000 7.3000 7.4000 6.9000
2018/06/15 7.3500 686955.0000 7.0500 7.4000 6.9000
2018/06/14 7.1000 285202.0000 6.9500 7.1000 6.7000
2018/06/13 6.8750 565577.0000 6.9500 6.9500 6.5500
2018/06/12 7.2000 388395.0000 7.0000 7.2500 6.9000
2018/06/11 6.9000 305024.0000 6.9000 7.0500 6.7500
2018/06/08 6.9000 398921.0000 6.7000 6.9500 6.5500
2018/06/07 6.7500 439784.0000 6.5500 6.7500 6.4000
2018/06/06 6.5000 441651.0000 6.3000 6.5500 6.2498
2018/06/05 6.1500 242728.0000 6.1500 6.2250 5.9250
2018/06/04 6.1000 189256.0000 6.3000 6.3000 6.0000
2018/06/01 6.3000 282686.0000 6.3500 6.4500 6.2500
2018/05/31 6.3500 310627.0000 6.1500 6.4000 6.1000
2018/05/30 6.1500 398176.0000 5.9000 6.2000 5.6500
2018/05/29 5.9000 208152.0000 5.9000 6.0000 5.8000
2018/05/25 5.9000 157345.0000 5.6000 5.9000 5.6000
2018/05/24 5.6000 204377.0000 5.7000 5.7167 5.5000
2018/05/23 5.6500 277881.0000 5.3500 5.7500 5.3500
2018/05/22 5.3750 115655.0000 5.4000 5.5000 5.3250
2018/05/21 5.4000 141640.0000 5.5000 5.6050 5.4000
2018/05/18 5.5500 200315.0000 5.4500 5.6000 5.3000
2018/05/17 5.4500 218340.0000 5.5500 5.7000 5.4000
2018/05/16 5.6000 249748.0000 5.9000 5.9000 5.5500
2018/05/15 5.9000 512627.0000 5.3100 5.9500 5.3100
2018/05/14 5.3500 658716.0000 6.0500 6.0550 5.3000
2018/05/11 5.9000 386380.0000 6.1500 6.1500 5.8500
2018/05/10 6.3500 248820.0000 6.4000 6.4500 6.0750
2018/05/09 6.4000 237300.0000 6.2500 6.4000 6.1500
2018/05/08 6.3000 162066.0000 6.3000 6.4250 6.2000
2018/05/07 6.3500 280096.0000 6.4500 6.6000 6.2250
2018/05/04 6.5000 287410.0000 6.0500 6.5500 6.0000
2018/05/03 6.1000 90189.0000 6.3000 6.3500 6.1000
2018/05/02 6.3000 265041.0000 6.1000 6.4000 5.9500
2018/05/01 6.2000 234635.0000 6.2000 6.3250 6.1500
2018/04/30 6.2500 192718.0000 6.0500 6.2750 6.0500
2018/04/27 6.0500 451327.0000 6.4500 6.4500 5.9500
2018/04/26 6.4500 206993.0000 6.4000 6.6000 6.3000
2018/04/25 6.4500 222364.0000 6.4500 6.5000 6.2750
2018/04/24 6.4000 543983.0000 6.8000 7.0000 6.3239
2018/04/23 6.8500 279417.0000 6.9500 6.9500 6.6000
2018/04/20 6.9500 277963.0000 6.6000 6.9500 6.5000
2018/04/19 6.6000 225868.0000 6.5500 6.7500 6.4500
2018/04/18 6.6000 442321.0000 6.6000 6.7500 6.4000
2018/04/17 6.6500 941506.0000 6.0500 6.7250 6.0000
2018/04/16 6.0500 194156.0000 6.1000 6.1750 5.9000
2018/04/13 6.0500 165068.0000 6.0500 6.2000 5.8500
2018/04/12 6.1000 209864.0000 6.0500 6.2000 5.9250
2018/04/11 6.1000 383426.0000 6.3000 6.3050 5.8734
2018/04/10 6.3500 992174.0000 5.4000 6.5500 5.4000
2018/04/09 5.4000 309497.0000 5.4000 5.5500 5.3000
2018/04/06 5.4000 388824.0000 5.2000 5.6000 5.1500
2018/04/05 5.2500 402908.0000 5.4500 5.6500 5.1500
2018/04/04 5.4000 459468.0000 4.9500 5.6500 4.9000
2018/04/03 5.1500 569011.0000 5.5000 5.7000 5.1500
2018/04/02 5.5000 277877.0000 5.5000 5.7000 5.4000
2018/03/29 5.5000 428541.0000 5.5500 5.8000 5.4500
2018/03/28 5.5500 842959.0000 5.9000 6.0000 5.2500
2018/03/27 5.9000 606774.0000 6.4000 6.4000 5.8000
2018/03/26 6.4250 695506.0000 6.5500 6.5500 5.9000
2018/03/23 6.4500 447687.0000 6.4000 6.6250 6.2500
2018/03/22 6.4500 1001237.0000 6.0000 6.5000 5.8000
2018/03/21 5.9500 2349468.0000 6.2500 6.5790 5.8000
2018/03/20 6.9500 1479195.0000 7.4000 7.7000 6.6250
2018/03/19 7.4500 1265682.0000 7.6000 7.9000 7.0500
2018/03/16 7.6500 1139163.0000 7.3500 7.7000 7.0000
2018/03/15 7.4500 1367301.0000 8.1500 8.1500 7.1000
2018/03/14 8.0000 751084.0000 8.2500 8.4000 7.9000
2018/03/13 8.2500 539012.0000 8.6500 8.7000 8.2000
2018/03/12 8.6500 697151.0000 8.6500 9.1500 8.5000
2018/03/09 8.7000 657694.0000 8.7500 8.9000 8.5000
2018/03/08 8.7500 446171.0000 8.3000 8.8000 8.2250
2018/03/07 8.3500 282533.0000 8.4500 8.5752 8.3500
2018/03/06 8.6500 581460.0000 8.9000 8.9500 8.3000
2018/03/05 8.8500 552056.0000 8.5500 9.0000 8.5000
2018/03/02 8.6500 384139.0000 8.2000 8.6500 8.1000
2018/03/01 8.3000 512435.0000 8.3500 8.4000 8.1000
2018/02/28 8.4250 335539.0000 8.4000 8.5750 8.3000
2018/02/27 8.4000 220473.0000 8.5500 8.5921 8.2750
2018/02/26 8.5000 450838.0000 8.4000 8.7500 8.2500
2018/02/23 8.4000 324151.0000 8.5000 8.5000 8.1000
2018/02/22 8.4500 377648.0000 8.2500 8.4500 8.0000
2018/02/21 8.3000 395454.0000 8.0500 8.5000 8.0500
2018/02/20 8.1000 809289.0000 8.6500 8.9000 8.0000
2018/02/16 8.8500 665076.0000 9.0500 9.1500 8.5000
2018/02/15 9.1000 577865.0000 8.8000 9.2750 8.8000
2018/02/14 8.8500 478056.0000 8.8000 8.9251 8.6500
2018/02/13 8.8000 496006.0000 8.7500 8.8809 8.4000
2018/02/12 8.8000 750521.0000 9.6000 9.6000 8.5000
2018/02/09 8.7000 850775.0000 8.5000 8.9000 8.2500
2018/02/08 8.4500 1069052.0000 8.2000 8.9500 8.0500
2018/02/07 8.2500 543944.0000 8.3000 8.3500 8.0500
2018/02/06 8.1250 1096521.0000 7.7500 8.4000 7.5500
2018/02/05 7.9500 854886.0000 8.2500 8.4500 7.9000
2018/02/02 8.4500 852639.0000 8.5500 8.6950 8.2500
2018/02/01 8.7000 955109.0000 9.0000 9.1500 8.5000
2018/01/31 9.1000 770639.0000 9.2000 9.3500 8.8500
2018/01/30 9.0500 656928.0000 9.3500 9.3500 8.8250
2018/01/29 9.4000 2115938.0000 9.4000 9.4500 8.2000
2018/01/26 9.5000 1413994.0000 10.0000 10.1950 9.3500
2018/01/25 9.7500 4229734.0000 9.9000 10.0000 9.4500
2018/01/24 10.8000 4001452.0000 10.3000 11.4000 10.0000
2018/01/23 9.9500 1536390.0000 9.2500 9.9500 9.0000
2018/01/22 9.2500 1349268.0000 8.4500 9.3000 8.4000
2018/01/19 8.4000 536349.0000 8.7500 8.7500 8.3500
2018/01/18 8.5500 532729.0000 8.3500 8.5500 8.1500
2018/01/17 8.2000 509665.0000 8.3000 8.4000 7.8500
2018/01/16 8.1500 851980.0000 8.8500 8.8500 8.0500
2018/01/12 8.5500 684775.0000 8.3000 8.5500 8.0500
2018/01/11 8.0000 1268769.0000 8.6000 8.9500 7.9000
2018/01/10 8.7500 1701373.0000 8.7500 9.3500 8.3000
2018/01/09 8.7500 1697842.0000 8.8500 8.9000 7.9000
2018/01/08 8.6000 4099533.0000 9.2500 9.5500 8.4000
2018/01/05 7.6500 3511369.0000 6.6000 7.7500 6.4000
2018/01/04 6.4500 293906.0000 6.4000 6.4500 6.3000
2018/01/03 6.3000 204610.0000 6.3000 6.5000 6.2830
2018/01/02 6.3000 257635.0000 6.2500 6.4500 6.2500
2017/12/29 6.2500 576957.0000 6.4000 6.5500 6.1000
2017/12/28 6.4000 583224.0000 6.2500 6.4500 6.2000
2017/12/27 6.2500 431494.0000 6.2000 6.2500 6.0500
2017/12/26 6.2000 1092897.0000 6.2000 6.3000 5.8500
2017/12/22 5.9000 206438.0000 5.8000 5.9500 5.7500
2017/12/21 5.9000 162619.0000 6.0000 6.0000 5.8500
2017/12/20 5.9000 447894.0000 5.8000 5.9500 5.5500
2017/12/19 5.7000 286796.0000 5.8500 5.9500 5.6000
2017/12/18 5.8000 386578.0000 6.0500 6.1000 5.7500
2017/12/15 6.0000 381111.0000 5.8500 6.0000 5.7500
2017/12/14 5.8500 1110744.0000 6.2500 6.2500 5.6000
2017/12/13 6.7500 448790.0000 7.0000 7.0500 6.7500
2017/12/12 6.9500 811420.0000 7.0000 7.2500 6.5653
2017/12/11 6.8500 342192.0000 6.8000 7.0000 6.6500
2017/12/08 6.7500 276026.0000 6.6500 6.9000 6.5000
2017/12/07 6.5500 443856.0000 6.5000 6.9000 6.4000
2017/12/06 6.3000 99874.0000 6.2000 6.4500 6.1250
2017/12/05 6.2500 342547.0000 6.7000 6.8000 6.1000
2017/12/04 6.7000 574893.0000 6.3500 6.8950 6.2500
2017/12/01 6.3500 228683.0000 6.1000 6.3500 5.9500
2017/11/30 6.1500 71477.0000 6.0500 6.2000 6.0500
2017/11/29 6.1500 170263.0000 6.5000 6.5000 6.1000
2017/11/28 6.5000 385226.0000 6.3000 6.6000 6.0000
2017/11/27 6.3500 247893.0000 6.7000 6.7000 6.3000
2017/11/24 6.7500 177673.0000 6.9500 6.9950 6.7000
2017/11/22 6.9000 214960.0000 6.8500 6.9500 6.6500
2017/11/21 6.7500 472213.0000 6.8000 6.9500 6.5000
2017/11/20 6.6750 370773.0000 6.4500 6.7500 6.3000
2017/11/17 6.5000 319296.0000 6.7500 6.7500 6.3050
2017/11/16 6.5500 621312.0000 6.0000 6.5500 6.0000
2017/11/15 5.9500 260369.0000 6.4500 6.4712 5.8050
2017/11/14 6.2500 1093214.0000 6.2500 6.6900 6.0000
2017/11/13 5.9500 387923.0000 5.6000 6.2000 5.5500
2017/11/10 5.6000 495632.0000 5.5500 5.7000 5.0250
2017/11/09 5.7000 797434.0000 4.9500 6.0000 4.9500
2017/11/08 4.9500 130072.0000 4.8000 4.9801 4.8000
2017/11/07 4.8000 199842.0000 4.6000 4.8000 4.6000
2017/11/06 4.6000 96918.0000 4.6500 4.6750 4.6000
2017/11/03 4.6750 93003.0000 4.6500 4.7000 4.6500
2017/11/02 4.7000 98429.0000 4.6500 4.7000 4.6000
2017/11/01 4.6500 276642.0000 4.8500 4.9500 4.5500
2017/10/31 4.9000 191768.0000 5.0500 5.1500 4.8000
2017/10/30 5.1000 115078.0000 5.1000 5.3000 5.0000
2017/10/27 5.0500 71737.0000 5.0500 5.1500 5.0000
2017/10/26 5.1000 53483.0000 5.1000 5.1500 5.0500
2017/10/25 5.1500 74766.0000 5.2500 5.3000 5.1000
2017/10/24 5.2500 122443.0000 5.0000 5.3000 5.0000
2017/10/23 5.0500 121897.0000 5.1000 5.1500 5.0000
2017/10/20 5.1500 92082.0000 5.2000 5.2500 5.1000
2017/10/19 5.2000 70489.0000 5.2000 5.3000 5.1500
2017/10/18 5.2500 145179.0000 5.3500 5.4000 5.2000
2017/10/17 5.3500 65211.0000 5.3500 5.5000 5.3500
2017/10/16 5.4000 57885.0000 5.6000 5.6500 5.4000
2017/10/13 5.5500 77640.0000 5.7500 5.8000 5.5000
2017/10/12 5.8000 108320.0000 5.6500 5.8500 5.5500
2017/10/11 5.6000 112034.0000 5.5000 5.6000 5.3500
2017/10/10 5.4500 138366.0000 5.2000 5.4500 5.2000
2017/10/09 5.2500 104068.0000 5.4000 5.4500 5.1500
2017/10/06 5.3500 252926.0000 5.0000 5.3500 5.0000
2017/10/05 5.1000 246559.0000 5.1500 5.1500 5.0000
2017/10/04 5.1500 124378.0000 5.3000 5.3000 5.1500
2017/10/03 5.2000 163049.0000 5.2500 5.3250 5.1653
2017/10/02 5.3000 206705.0000 5.4000 5.4500 5.1000
2017/09/29 5.4500 182987.0000 5.6000 5.7000 5.2000
2017/09/28 5.6000 1463939.0000 5.6000 5.6500 4.1000
2017/09/27 5.6500 145336.0000 5.7500 5.7727 5.6500
2017/09/26 5.7500 137686.0000 5.8000 5.9000 5.6500
2017/09/25 5.8000 130630.0000 6.0000 6.0000 5.8000
2017/09/22 6.0000 80449.0000 5.9000 6.0000 5.9000
2017/09/21 5.9000 83937.0000 6.1000 6.1000 5.8500
2017/09/20 6.0000 126001.0000 5.9000 6.0000 5.7500
2017/09/19 5.8500 204152.0000 5.9500 5.9750 5.7500
2017/09/18 5.9500 185985.0000 6.2000 6.2000 5.9000
2017/09/15 6.1500 131273.0000 6.1000 6.1500 6.0000
2017/09/14 6.1000 155858.0000 6.1000 6.2000 6.0500
2017/09/13 6.1000 119178.0000 6.1000 6.1500 6.0500
2017/09/12 6.1500 75791.0000 6.1000 6.1500 6.0000
2017/09/11 6.0500 92596.0000 6.2000 6.2000 5.9500
2017/09/08 6.1000 66077.0000 6.1000 6.1000 6.0000
2017/09/07 6.0500 124618.0000 6.0500 6.1500 6.0000
2017/09/06 5.9500 36190.0000 6.0000 6.0000 5.9500
2017/09/05 5.9500 95195.0000 6.0000 6.0000 5.8500
2017/09/01 5.9000 108989.0000 5.8000 5.9000 5.8000
2017/08/31 5.8000 173830.0000 6.0000 6.0000 5.8000
2017/08/30 6.0000 99259.0000 6.0000 6.0500 5.9500
2017/08/29 6.0000 83196.0000 6.0500 6.1500 6.0000
2017/08/28 6.1000 68706.0000 6.1000 6.1500 6.1000
2017/08/25 6.1500 61517.0000 6.2000 6.2500 6.1000
2017/08/24 6.1500 110426.0000 6.1000 6.1500 6.0000
2017/08/23 6.0000 199402.0000 5.8500 6.0500 5.7000
2017/08/22 5.9000 123906.0000 5.9000 6.0192 5.8500
2017/08/21 5.9500 152407.0000 6.2500 6.3000 5.9000
2017/08/18 6.2500 197325.0000 6.1500 6.3500 6.1000
2017/08/17 6.2500 241433.0000 6.3500 6.3500 6.2000
2017/08/16 6.3500 221871.0000 6.3500 6.5000 6.2000
2017/08/15 6.2500 467927.0000 6.2000 6.3000 5.9500
2017/08/14 6.0000 296525.0000 6.2500 6.2500 5.9500
2017/08/11 6.2500 361659.0000 5.5500 6.3000 5.5500
2017/08/10 5.6000 315614.0000 5.8000 5.8310 5.5250
2017/08/09 5.8500 236267.0000 6.1500 6.1500 5.7500
2017/08/08 6.1000 374804.0000 6.0500 6.3000 5.9500
2017/08/07 5.8500 431367.0000 5.9000 6.1500 5.7500
2017/08/04 5.8000 153699.0000 5.9500 5.9500 5.7500
2017/08/03 5.9000 79920.0000 5.9000 6.0000 5.8000
2017/08/02 5.8500 181891.0000 5.8500 6.0450 5.8500
2017/08/01 5.8500 105330.0000 6.1500 6.1500 5.8500
2017/07/31 6.1500 102234.0000 6.1000 6.1500 6.0500
2017/07/28 6.0500 70760.0000 6.1000 6.1500 6.0500
2017/07/27 6.0750 113934.0000 6.0000 6.1500 5.9500
2017/07/26 5.9500 127388.0000 6.0000 6.2000 5.9195
2017/07/25 6.0500 105583.0000 6.0000 6.1500 5.9500
2017/07/24 6.0000 261055.0000 6.2000 6.3000 5.9250
2017/07/21 6.2000 156178.0000 6.1000 6.2750 6.0500
2017/07/20 6.1000 131540.0000 6.2000 6.2950 6.0500
2017/07/19 6.1500 281039.0000 6.5500 6.6500 6.0500
2017/07/18 6.6000 152130.0000 6.7500 6.8500 6.5500
2017/07/17 6.6500 73579.0000 6.7000 6.7050 6.6500
2017/07/14 6.7500 180916.0000 6.7000 6.7500 6.6500
2017/07/13 6.7000 70678.0000 6.7000 6.7200 6.6500
2017/07/12 6.7000 101874.0000 6.8500 6.8500 6.6500
2017/07/11 6.7500 171010.0000 7.0000 7.0000 6.6500
2017/07/10 7.0000 162368.0000 7.1000 7.1000 6.9000
2017/07/07 7.0000 151044.0000 6.7500 7.0000 6.6500
2017/07/06 6.7000 83394.0000 6.6500 6.8000 6.6100
2017/07/05 6.7000 130854.0000 6.8000 6.8000 6.6500
2017/07/03 6.7000 302572.0000 6.7000 7.0500 6.6000
2017/06/30 6.5500 405456.0000 6.2500 6.6500 6.2000
2017/06/29 6.2000 94946.0000 6.3000 6.3250 6.1000
2017/06/28 6.3500 88404.0000 6.2000 6.4000 6.2000
2017/06/27 6.1500 129430.0000 6.5000 6.5000 6.1500
2017/06/26 6.5000 114745.0000 6.5000 6.5000 6.4000
2017/06/23 6.4000 125900.0000 6.2000 6.4000 6.1500
2017/06/22 6.2000 97483.0000 6.1500 6.3950 6.1000
2017/06/21 6.2000 240144.0000 6.4000 6.5000 6.1500
2017/06/20 6.4000 126353.0000 6.3500 6.4000 6.3250
2017/06/19 6.3000 118436.0000 6.1000 6.3250 6.1000
2017/06/16 6.0500 247340.0000 6.2500 6.2500 6.0000
2017/06/15 6.2500 193091.0000 6.6000 6.6500 6.1000
2017/06/14 6.6000 270552.0000 6.5000 6.6000 6.4000
2017/06/13 6.3500 303761.0000 6.1500 6.5000 6.1500
2017/06/12 6.1500 215470.0000 6.2500 6.2500 6.0000
2017/06/09 6.2000 290037.0000 6.0000 6.2500 5.9590
2017/06/08 6.0000 175418.0000 5.9000 6.0000 5.8500
2017/06/07 5.8500 95459.0000 5.6000 5.8500 5.5634
2017/06/06 5.6500 76229.0000 5.6500 5.6500 5.5500
2017/06/05 5.6500 72081.0000 5.6000 5.7000 5.6000
2017/06/02 5.6500 134484.0000 5.7000 5.7500 5.5500
2017/06/01 5.7000 91334.0000 5.7500 5.8500 5.7000
2017/05/31 5.7500 116224.0000 5.8500 5.9000 5.7500
2017/05/30 5.8500 124477.0000 5.7000 5.8500 5.7000
2017/05/26 5.8000 84164.0000 5.7500 5.8000 5.7000
2017/05/25 5.8000 127999.0000 5.9500 5.9500 5.7500
2017/05/24 5.9500 132007.0000 5.9500 5.9500 5.7000
2017/05/23 5.9000 124618.0000 5.8000 5.9000 5.7500
2017/05/22 5.8000 175320.0000 5.8000 5.9000 5.7000
2017/05/19 5.8500 113055.0000 5.8500 5.9000 5.7500
2017/05/18 5.8000 212909.0000 5.9000 6.0000 5.7000
2017/05/17 5.8000 557123.0000 5.7000 5.8500 5.6000
2017/05/16 5.6000 408789.0000 5.3500 5.7500 5.2500
2017/05/15 5.4000 169459.0000 5.3000 5.5000 5.2500
2017/05/12 5.2750 192948.0000 5.3500 5.3500 5.2500
2017/05/11 5.3500 519167.0000 6.0000 6.0000 5.0000
2017/05/10 5.6500 417019.0000 5.8000 5.8500 5.0500
2017/05/09 5.8000 462041.0000 5.9500 6.1000 5.5606
2017/05/08 5.9500 257462.0000 5.8000 6.2000 5.7500
2017/05/05 5.8500 149671.0000 5.7500 5.8500 5.6500
2017/05/04 5.8000 81274.0000 5.8500 5.8500 5.6500
2017/05/03 5.8500 179612.0000 5.7500 5.9000 5.6000
2017/05/02 5.7500 109913.0000 5.8500 5.9160 5.7000
2017/05/01 5.8500 123159.0000 5.8500 5.9000 5.7500
2017/04/28 5.9000 213999.0000 6.0500 6.1500 5.7000
2017/04/27 6.0500 116652.0000 6.1000 6.1500 6.0000
2017/04/26 6.1500 275305.0000 5.8000 6.2000 5.7000
2017/04/25 5.8000 175413.0000 5.8500 5.9000 5.6500
2017/04/24 5.9000 115478.0000 5.9500 5.9750 5.6500
2017/04/21 5.9000 204909.0000 5.8500 5.9500 5.6500
2017/04/20 5.8500 232938.0000 6.0500 6.1000 5.5500
2017/04/19 6.0000 313963.0000 5.6500 6.1000 5.5500
2017/04/18 5.6500 64771.0000 5.6500 5.7000 5.6000
2017/04/17 5.7000 156977.0000 5.6500 5.7550 5.5000
2017/04/13 5.6000 140369.0000 5.7500 5.8500 5.6000
2017/04/12 5.8000 199233.0000 5.8000 5.9500 5.6000
2017/04/11 5.8500 63357.0000 5.8500 5.9000 5.8000
2017/04/10 5.9000 194452.0000 6.0000 6.0180 5.8500
2017/04/07 5.9500 167865.0000 5.9500 6.0000 5.7500
2017/04/06 6.0000 144693.0000 5.9500 6.0000 5.8000
2017/04/05 5.9000 282697.0000 5.7000 5.9500 5.6000
2017/04/04 5.7000 245955.0000 5.8000 5.8500 5.6500
2017/04/03 5.9000 210337.0000 6.1500 6.2000 5.9000
2017/03/31 6.2000 132409.0000 6.2500 6.3039 6.1250
2017/03/30 6.1500 266328.0000 5.9000 6.3000 5.8500
2017/03/29 5.8000 196505.0000 5.8000 5.8450 5.7500
2017/03/28 5.8500 293748.0000 6.0000 6.0770 5.8000
2017/03/27 6.0500 189217.0000 6.0500 6.1750 6.0000
2017/03/24 6.1500 181353.0000 6.3000 6.3000 6.1000
2017/03/23 6.3000 314329.0000 6.3000 6.8000 6.2000
2017/03/22 6.3500 196468.0000 6.1500 6.4000 6.1000
2017/03/21 6.2000 627987.0000 6.8000 6.8000 6.1000
2017/03/20 6.8500 253566.0000 7.1500 7.1500 6.8000
2017/03/17 7.1000 921251.0000 6.5000 7.1000 6.2000
2017/03/16 7.2000 262657.0000 7.1000 7.3000 7.0500
2017/03/15 7.2500 163651.0000 7.1500 7.3000 7.0500
2017/03/14 7.2000 250981.0000 7.6500 7.6500 7.0500
2017/03/13 7.5500 269167.0000 7.5000 7.6185 7.4000
2017/03/10 7.3500 194046.0000 7.2500 7.4500 7.2000
2017/03/09 7.2500 167082.0000 6.9500 7.2500 6.9000
2017/03/08 7.0000 163518.0000 6.9500 7.2000 6.9000
2017/03/07 7.0000 184763.0000 7.1500 7.2000 6.9500
2017/03/06 7.2000 472073.0000 7.6000 7.6000 6.9000
2017/03/03 7.3500 674228.0000 6.9500 7.8000 6.9000
2017/03/02 6.9000 255509.0000 6.9500 7.0000 6.7000
2017/03/01 6.9000 530630.0000 6.4500 7.0000 6.4500
2017/02/28 6.4500 315167.0000 6.6500 6.7000 6.3000
2017/02/27 6.6500 558846.0000 6.5000 6.6500 6.3500
2017/02/24 6.3000 707974.0000 6.0000 6.4000 5.6500
2017/02/23 5.4500 209285.0000 5.5000 5.6000 5.4500
2017/02/22 5.5500 231047.0000 5.5000 5.8000 5.5000
2017/02/21 5.6000 311286.0000 5.9000 5.9000 5.5500
2017/02/17 5.9500 282017.0000 6.2000 6.2000 5.9000
2017/02/16 6.0500 235861.0000 5.8000 6.0500 5.7637
2017/02/15 5.7500 213164.0000 5.6500 5.8500 5.6450
2017/02/14 5.7000 718107.0000 5.9000 5.9317 5.3500
2017/02/13 5.9000 455786.0000 6.3000 6.3500 5.9000
2017/02/10 6.1500 453362.0000 5.9500 6.3450 5.8000
2017/02/09 5.8500 576068.0000 6.0500 6.1000 5.5500
2017/02/08 6.1000 177766.0000 6.1500 6.1500 6.0000
2017/02/07 6.1500 118570.0000 6.1500 6.2000 6.1000
2017/02/06 6.2000 84639.0000 6.1500 6.2000 6.1500
2017/02/03 6.1500 138319.0000 6.2000 6.2000 6.1500
2017/02/02 6.2000 143268.0000 6.3500 6.4000 6.1500
2017/02/01 6.3000 63666.0000 6.2000 6.3000 6.1980
2017/01/31 6.1500 127137.0000 6.1500 6.4500 6.1000
2017/01/30 6.1500 151356.0000 6.3000 6.3000 6.1000
2017/01/27 6.2500 94494.0000 6.3000 6.3000 6.2000
2017/01/26 6.2000 229265.0000 6.2000 6.5000 6.1500
2017/01/25 6.2000 378429.0000 6.4000 6.4386 6.1500
2017/01/24 6.4000 194954.0000 6.4500 6.7000 6.4000
2017/01/23 6.4500 192265.0000 6.6000 6.6000 6.4000
2017/01/20 6.5000 176838.0000 6.5500 6.8000 6.4500
2017/01/19 6.4000 196612.0000 6.7000 6.7500 6.4000
2017/01/18 6.7500 264925.0000 6.7500 6.8000 6.5250
2017/01/17 6.7000 450840.0000 6.7500 6.8500 6.5500
2017/01/13 6.5000 305718.0000 6.7000 6.8000 6.4000
2017/01/12 6.4000 245353.0000 6.3500 6.5500 6.2500
2017/01/11 6.4000 383782.0000 6.6000 6.6000 6.1500
2017/01/10 6.6000 310657.0000 6.6500 6.8500 6.4100
2017/01/09 6.6000 829497.0000 7.1000 7.1660 6.3000
2017/01/06 7.1000 353350.0000 7.2000 7.2000 6.8500
2017/01/05 7.1500 658895.0000 7.4000 7.8000 7.0000
2017/01/04 7.4500 422779.0000 7.2500 7.4500 7.2000
2017/01/03 7.2000 313145.0000 7.0000 7.2000 6.8000