date close volume open high low
12/31/2018 15.61 3113437 15.67 15.67 15.41
12/28/2018 15.63 2517801 15.58 15.8 15.47
12/27/2018 15.47 2926252 15.35 15.5 15.03
12/26/2018 15.53 1924245 15.07 15.55 14.96
12/24/2018 15 2354487 15.57 15.69 14.98
12/21/2018 15.69 6612680 16.12 16.22 15.59
12/20/2018 15.84 2869761 16.28 16.28 15.64
12/19/2018 16.37 5596189 16.48 16.72 16.28
12/18/2018 16.51 4621058 16.54 16.69 16.35
12/17/2018 16.4 4609459 16.7 16.83 16.31
12/14/2018 16.71 4889696 17.03 17.05 16.57
12/13/2018 17.09 2984909 17.09 17.2 16.95
12/12/2018 17.03 7009261 17.03 17.16 16.84
12/11/2018 16.98 2923680 17.31 17.34 16.835
12/10/2018 17.16 6291946 17.17 17.43 16.85
12/7/2018 17.11 7137568 17.59 17.72 17.06
12/6/2018 17.57 3979009 17.29 17.67 17.19
12/4/2018 17.45 2804833 17.95 18.02 17.43
12/3/2018 17.92 3134953 18.1 18.17 17.73
11/30/2018 17.93 3106574 17.98 18.14 17.86
11/29/2018 18.06 3808961 17.91 18.26 17.78
11/28/2018 17.88 4811153 17.59 18.09 17.55
11/27/2018 17.54 3037833 17.72 17.9 17.52
11/26/2018 17.78 2441018 17.94 18.08 17.69
11/23/2018 17.75 1154608 17.69 17.85 17.5
11/21/2018 17.7 2563459 17.9 17.98 17.65
11/20/2018 17.76 4164256 17.75 17.94 17.39
11/19/2018 17.94 8391034 17.77 18.02 17.64
11/16/2018 17.79 2734555 17.41 17.815 17.4
11/15/2018 17.49 4065871 17.45 17.59 17.105
11/14/2018 17.46 5384585 17.79 17.79 17.38
11/13/2018 17.76 4107502 17.37 17.84 17.37
11/12/2018 17.32 5462632 17.41 17.75 17.2
11/9/2018 17.42 5984375 16.8 17.62 16.8
11/8/2018 16.84 6875157 16.55 17.25 16.47
11/7/2018 16.63 15829770 15.47 16.86 15.39
11/6/2018 17.08 5551414 17.08 17.35 17.03
11/5/2018 17.04 6282086 17.04 17.295 16.84
11/2/2018 17 8891611 17.33 17.43 16.49
11/1/2018 17.18 3524240 17.27 17.41 17.1
10/31/2018 17.24 4068317 17.29 17.41 16.975
10/30/2018 17.17 3740341 16.8 17.19 16.75
10/29/2018 16.8 2967450 17.03 17.17 16.6
10/26/2018 16.85 3183858 16.95 17.02 16.545
10/25/2018 17.03 4467019 16.88 17.1 16.76
10/24/2018 16.77 5006034 16.92 17.05 16.77
10/23/2018 16.96 5440473 16.92 17.06 16.465
10/22/2018 17.09 4302889 17.11 17.27 16.93
10/19/2018 17.02 4315627 17.1 17.175 16.98
10/18/2018 16.99 5479970 17.17 17.35 16.885
10/17/2018 17.24 4576968 17.46 17.55 17.12
10/16/2018 17.5 3531208 17.35 17.54 17.21
10/15/2018 17.26 1654095 17.1 17.42 17.09
10/12/2018 17.12 2766065 17.09 17.39 16.87
10/11/2018 16.92 3290597 17.21 17.36 16.895
10/10/2018 17.28 3884076 17.44 17.495 17.21
10/9/2018 17.46 2603879 17.33 17.46 17.26
10/8/2018 17.29 4625522 17.28 17.39 17.04
10/5/2018 17.26 1924944 17.04 17.33 17.03
10/4/2018 16.99 2628137 17.14 17.22 16.92
10/3/2018 17.22 2532636 17.04 17.38 17.01
10/2/2018 16.97 4903692 17.05 17.16 16.88
10/1/2018 17.08 3259142 17.26 17.39 17.03
9/28/2018 17.14 3002211 17.21 17.37 17.12
9/27/2018 17.29 3576603 17.26 17.46 17.155
9/26/2018 17.56 3987413 17.44 17.94 17.44
9/25/2018 17.42 4887144 17.66 18 17.38
9/24/2018 17.32 2005403 17.15 17.4 17
9/21/2018 17.17 4699284 17.51 17.57 17.12
9/20/2018 17.48 3450408 17.58 17.73 17.425
9/19/2018 17.49 3417403 17.8 17.9264 17.35
9/18/2018 17.77 3335963 17.45 17.82 17.35
9/17/2018 17.41 3101830 17.5 17.57 17.33
9/14/2018 17.57 7759801 18.07 18.08 17.38
9/13/2018 18.08 4617730 17.74 18.09 17.71
9/12/2018 17.72 2971669 17.76 17.925 17.7
9/11/2018 17.67 1797660 17.69 17.82 17.62
9/10/2018 17.7 3355937 17.97 18 17.655
9/7/2018 17.89 6318383 17.44 17.91 17.44
9/6/2018 17.45 4765718 17.5 17.615 17.365
9/5/2018 17.49 3241118 17.44 17.49 17.25
9/4/2018 17.5 4502349 17.62 17.66 17.31
8/31/2018 17.65 2005169 17.64 17.75 17.56
8/30/2018 17.7 2222710 17.83 17.87 17.58
8/29/2018 17.77 1520698 17.81 17.93 17.75
8/28/2018 17.82 1483212 17.81 17.9 17.76
8/27/2018 17.77 2048576 17.89 18.01 17.72
8/24/2018 17.8 3103054 17.97 18.01 17.7
8/23/2018 17.96 1606212 18.05 18.12 17.85
8/22/2018 17.99 2311131 18.18 18.2 17.955
8/21/2018 18.19 2563522 18.43 18.51 18.145
8/20/2018 18.43 2347419 18.38 18.685 18.3
8/17/2018 18.42 2852900 18.31 18.62 18.29
8/16/2018 18.3 6172723 18.03 18.59 18
8/15/2018 17.88 2278232 17.79 17.95 17.665
8/14/2018 17.84 2915699 17.39 17.88 17.35
8/13/2018 17.35 2638291 17.72 17.77 17.26
8/10/2018 17.65 2395588 17.73 17.78 17.595
8/9/2018 17.76 3334779 17.3 17.97 17.28
8/8/2018 17.26 5169899 16.76 17.35 16.6
8/7/2018 17.01 4000534 17.1 17.26 16.87
8/6/2018 17.07 4138626 16.77 17.32 16.77
8/3/2018 16.8 3518955 16.64 16.84 16.59
8/2/2018 16.65 4595324 16.31 16.72 16.31
8/1/2018 16.69 2425755 16.65 16.815 16.55
7/31/2018 16.68 1606252 16.48 16.735 16.4
7/30/2018 16.5 2804372 16.79 16.87 16.47
7/27/2018 16.71 1723019 17 17.1 16.655
7/26/2018 16.93 2288591 16.71 16.99 16.65
7/25/2018 16.73 1780175 16.82 16.95 16.675
7/24/2018 16.84 3519101 17.15 17.169 16.72
7/23/2018 17.09 3248192 17.42 17.52 17.04
7/20/2018 17.42 2086155 17.64 17.65 17.4
7/19/2018 17.66 2654452 17.76 17.82 17.52
7/18/2018 17.77 7641805 17.39 18.25 17.345
7/17/2018 17.43 2710484 17.41 17.49 17.15
7/16/2018 17.44 2779388 17.59 17.69 17.285
7/13/2018 17.56 1812052 17.44 17.77 17.44
7/12/2018 17.48 1388678 17.49 17.58 17.425
7/11/2018 17.43 1466785 17.42 17.57 17.29
7/10/2018 17.51 1344152 17.48 17.645 17.43
7/9/2018 17.45 1374342 17.31 17.48 17.26
7/6/2018 17.28 1719226 17.32 17.43 17.22
7/5/2018 17.28 2295370 17.35 17.36 17.22
7/3/2018 17.26 945790 17.31 17.425 17.24
7/2/2018 17.24 1923855 17.16 17.25 16.95
6/29/2018 17.18 1608985 17.21 17.3 17.13
6/28/2018 17.16 1677578 17.1 17.22 16.925
6/27/2018 17.12 2853932 17.48 17.58 17.07
6/26/2018 17.49 2261445 17.51 17.6 17.39
6/25/2018 17.47 3772510 18.05 18.09 17.455
6/22/2018 18.13 2797768 17.98 18.22 17.92
6/21/2018 17.94 2952455 17.9 18.15 17.8552
6/20/2018 17.84 2756131 17.72 17.88 17.59
6/19/2018 17.67 2835094 17.55 17.73 17.52
6/18/2018 17.71 4776299 17.76 17.92 17.62
6/15/2018 17.86 3219856 17.61 17.88 17.4
6/14/2018 17.61 2868220 17.81 17.96 17.57
6/13/2018 17.77 2318527 17.87 18 17.7
6/12/2018 17.85 3210323 17.88 18.01 17.76
6/11/2018 17.79 3933506 17.78 17.85 17.635
6/8/2018 17.72 6062532 17 17.76 17
6/7/2018 17.05 8548867 16.82 17.48 16.82
6/6/2018 16.8 2936409 16.68 16.84 16.55
6/5/2018 16.7 3681983 16.4 16.72 16.23
6/4/2018 16.36 4261561 16.1 16.4 16.1
6/1/2018 16.09 2942329 16.2 16.34 16.05
5/31/2018 16.11 4600037 16.56 16.7 16.01
5/30/2018 16.62 2885166 16.49 16.71 16.38
5/29/2018 16.38 2772343 16.4 16.53 16.24
5/25/2018 16.44 2215897 16.48 16.52 16.37
5/24/2018 16.51 2110661 16.26 16.59 16.26
5/23/2018 16.28 1904473 16.19 16.33 16.13
5/22/2018 16.23 3065606 16.49 16.49 16.17
5/21/2018 16.46 1974270 16.33 16.5 16.25
5/18/2018 16.33 1648236 16.37 16.4298 16.21
5/17/2018 16.35 2924257 16.27 16.38 16.11
5/16/2018 16.34 4265889 16.56 16.605 16.28
5/15/2018 16.53 4044749 16.35 16.67 16.315
5/14/2018 16.27 5410380 16.67 16.74 16.24
5/11/2018 16.63 3549151 16.58 16.86 16.52
5/10/2018 16.62 4067684 16.69 16.81 16.46
5/9/2018 16.71 9652538 17.14 17.15 16.3099
5/8/2018 17.31 6150756 16.98 17.465 16.9401
5/7/2018 16.87 4797961 16.85 17.05 16.505
5/4/2018 16.75 2471692 16.7 16.91 16.595
5/3/2018 16.71 2514713 16.53 16.76 16.41
5/2/2018 16.54 2896436 16.65 16.795 16.51
5/1/2018 16.73 4362179 16.75 16.96 16.505
4/30/2018 16.74 4790737 17.15 17.24 16.73
4/27/2018 17.06 3120375 17.18 17.21 16.98
4/26/2018 17.17 1948398 16.97 17.33 16.97
4/25/2018 16.95 2696583 16.87 17.05 16.74
4/24/2018 16.85 3860280 17.33 17.33 16.83
4/23/2018 17.22 1462174 17.19 17.355 17.105
4/20/2018 17.15 2355684 17.4 17.43 17.1
4/19/2018 17.39 2649381 17.54 17.69 17.19
4/18/2018 17.63 3192201 17.41 17.75 17.376
4/17/2018 17.32 5285295 17.43 17.53 17.195
4/16/2018 17.3 3663581 17.31 17.62 17.2
4/13/2018 17.26 4479901 17.38 17.54 17.16
4/12/2018 17.28 4060396 17.02 17.36 16.96
4/11/2018 16.88 2420271 17.02 17.14 16.86
4/10/2018 17.1 1954392 17.28 17.34 17.02
4/9/2018 17.1 1633760 17.17 17.36 17.06
4/6/2018 17.02 2799210 17.32 17.44 16.92
4/5/2018 17.38 3785191 17.38 17.54 17.16
4/4/2018 17.33 2236169 16.91 17.39 16.77
4/3/2018 17.13 6613822 16.99 17.23 16.89
4/2/2018 16.91 5567603 17.54 17.66 16.765
3/29/2018 17.55 2520586 17.44 17.705 17.35
3/28/2018 17.42 2481304 17.2 17.63 17.2
3/27/2018 17.16 3125790 17.13 17.45 17.06
3/26/2018 17.12 2338467 16.94 17.19 16.873
3/23/2018 16.79 2995392 17.22 17.35 16.78
3/22/2018 17.17 3139536 17.22 17.49 17.0393
3/21/2018 17.37 3173967 17.38 17.5 17.32
3/20/2018 17.32 2245457 17.11 17.34 17.04
3/19/2018 17.16 2028734 17.07 17.21 17
3/16/2018 17.1 3569077 16.85 17.15 16.81
3/15/2018 16.76 2476887 17.02 17.16 16.75
3/14/2018 16.99 2273217 17 17.12 16.86
3/13/2018 17 3670394 17.36 17.49 16.96
3/12/2018 17.35 3789846 17.46 17.65 17.29
3/9/2018 17.52 3870626 17.36 17.5788 17.075
3/8/2018 17.12 6056017 16.95 17.4 16.85
3/7/2018 16.63 3207319 16.45 16.81 16.385
3/6/2018 16.6 5010161 16.27 16.64 16.19
3/5/2018 16.27 3065900 16.11 16.36 15.97
3/2/2018 16.14 7856901 15.87 16.525 15.81
3/1/2018 15.98 3279371 16.22 16.35 15.82
2/28/2018 15.95 3022516 16.23 16.31 15.94
2/27/2018 16.28 3110325 16.57 16.8 16.27
2/26/2018 16.62 7276706 16.95 17.02 16.53
2/23/2018 16.88 8235974 16.98 17.255 16.49
2/22/2018 16.88 11164980 16.11 17.11 15.99
2/21/2018 16.22 10173770 16.25 16.44 15.96
2/20/2018 16.1 6572349 16.41 16.49 15.93
2/16/2018 16.39 9948151 16.51 16.75 16.17
2/15/2018 15.7 6479490 15.77 15.94 15.37
2/14/2018 15.75 2347565 15.37 15.87 15.37
2/13/2018 15.47 3252157 15.62 15.72 15.29
2/12/2018 15.73 4841566 15.85 16.14 15.515
2/9/2018 15.66 6597872 15.56 15.78 15.35
2/8/2018 15.48 4876164 15.83 15.99 15.42
2/7/2018 15.86 3317964 15.63 16.015 15.43
2/6/2018 15.73 4963535 15.02 15.91 14.8
2/5/2018 15.3 4544706 15.8 15.91 15.2
2/2/2018 15.87 2359389 16.35 16.35 15.85
2/1/2018 16.37 2551067 16.06 16.43 16.03
1/31/2018 16.18 2968692 16.13 16.39 16.11
1/30/2018 16.02 4766348 16.21 16.35 15.845
1/29/2018 16.36 2075230 16.44 16.67 16.36
1/26/2018 16.5 2374747 16.63 16.63 16.3
1/25/2018 16.62 2641391 16.71 16.71 16.4
1/24/2018 16.64 2656449 16.79 16.87 16.54
1/23/2018 16.81 2088652 16.8 16.91 16.71
1/22/2018 16.8 2248523 16.9 16.96 16.465
1/19/2018 16.84 3470008 16.84 17.031 16.77
1/18/2018 16.83 2016071 16.79 17.02 16.77
1/17/2018 16.79 2542233 16.94 16.97 16.75
1/16/2018 16.82 2545807 17.37 17.4 16.75
1/12/2018 17.25 3525491 16.93 17.38 16.865
1/11/2018 17.24 4781929 17.33 17.375 17.06
1/10/2018 17.33 8177875 17.24 17.66 17.1
1/9/2018 17.34 6849215 16.67 17.36 16.55
1/8/2018 16.62 1915344 16.73 16.73 16.38
1/5/2018 16.79 3277766 16.68 16.84 16.62
1/4/2018 16.51 2552011 16.75 16.85 16.24
1/3/2018 16.7 3074085 16.91 16.91 16.36
1/2/2018 16.32 2076575 16.41 16.5 16.24
12/29/2017 16.42 1609649 16.58 16.62 16.4
12/28/2017 16.53 1264971 16.48 16.57 16.41
12/27/2017 16.49 5457666 16.52 16.715 16.46
12/26/2017 16.51 1528915 16.45 16.655 16.44
12/22/2017 16.44 5168847 16.25 16.59 16.1367
12/21/2017 16.35 4592202 16.69 16.74 16.32
12/20/2017 16.58 5214517 16.93 16.98 16.47
12/19/2017 16.4 8305609 15.92 16.59 15.89
12/18/2017 15.79 2882612 15.57 15.96 15.55
12/15/2017 15.51 6326597 15.41 15.695 15.34
12/14/2017 15.36 3145554 15.64 15.75 15.32
12/13/2017 15.63 2727695 15.4 15.7 15.32
12/12/2017 15.39 2261196 15.33 15.44 15.21
12/11/2017 15.28 2685295 15.21 15.34 15.1
12/8/2017 15.25 3806507 15.04 15.35 14.89
12/7/2017 14.95 2221669 15.02 15.22 14.94
12/6/2017 15.07 2810959 15.38 15.49 15.05
12/5/2017 15.37 4857011 15.35 15.56 15.21
12/4/2017 15.35 5180581 14.88 15.435 14.83
12/1/2017 14.82 4608908 14.85 14.87 14.37
11/30/2017 14.89 6676742 14.65 14.95 14.52
11/29/2017 14.69 5514372 14.25 14.74 14.24
11/28/2017 14.18 3976978 13.71 14.25 13.7
11/27/2017 13.7 2876052 13.83 13.9 13.67
11/24/2017 13.86 1564551 13.96 13.99 13.81
11/22/2017 13.95 2851360 14.11 14.15 13.89
11/21/2017 14.11 4096221 13.98 14.13 13.81
11/20/2017 13.95 2985167 14.07 14.11 13.86
11/17/2017 14.08 2906673 14.16 14.275 14.07
11/16/2017 14.18 3172120 14.31 14.42 14.13
11/15/2017 14.26 4729238 14.33 14.475 13.95
11/14/2017 14.36 5258635 14.31 14.4 14.17
11/13/2017 14.34 8863114 14.54 14.62 14.2
11/10/2017 14.5 4060537 14.63 14.76 14.435
11/9/2017 14.69 5497205 14.34 14.71 14.21
11/8/2017 14.5 16635830 13.9 14.61 13.571
11/7/2017 14.74 5138618 14.9 14.97 14.6
11/6/2017 14.93 4539182 15 15.06 14.65
11/3/2017 15.02 2219085 15.3 15.32 14.94
11/2/2017 15.24 2008768 15.05 15.27 14.93
11/1/2017 15.03 1451144 15.2 15.22 14.8925
10/31/2017 15.21 1942852 15.09 15.3 15.01
10/30/2017 15.08 1499858 15.01 15.1275 14.94
10/27/2017 15.1 2117599 14.99 15.11 14.745
10/26/2017 14.94 2308536 15.19 15.2 14.93
10/25/2017 15.1 2198002 15.08 15.11 14.72
10/24/2017 15.18 3259593 15.21 15.34 14.91
10/23/2017 15.22 2736103 15.41 15.62 15.2
10/20/2017 15.41 1363093 15.7 15.755 15.38
10/19/2017 15.67 1922503 15.36 15.68 15.255
10/18/2017 15.39 2648390 15.59 15.6 15.29
10/17/2017 15.58 2319229 15.47 15.83 15.41
10/16/2017 15.52 1955152 15.38 15.57 15.33
10/13/2017 15.35 1680273 15.49 15.49 15.33
10/12/2017 15.41 1718577 15.53 15.56 15.33
10/11/2017 15.62 2170135 15.69 15.72 15.46
10/10/2017 15.71 1776286 15.58 15.84 15.54
10/9/2017 15.52 1175203 15.72 15.74 15.48
10/6/2017 15.73 1776057 15.61 15.78 15.48
10/5/2017 15.63 2446529 15.41 15.7 15.34
10/4/2017 15.38 2128519 15.5 15.54 15.35
10/3/2017 15.47 2370024 15.41 15.49 15.23
10/2/2017 15.29 1840145 15.47 15.5 15.23
9/29/2017 15.53 1758477 15.52 15.7 15.45
9/28/2017 15.57 1741117 15.57 15.66 15.395
9/27/2017 15.58 4666886 15.34 15.66 15.33
9/26/2017 15.28 4236128 14.91 15.36 14.82
9/25/2017 14.91 1685152 14.99 15.125 14.87
9/22/2017 15.04 4568214 15.09 15.16 14.87
9/21/2017 15.15 2482380 15.45 15.5 15.03
9/20/2017 15.44 1828113 15.38 15.5301 15.27
9/19/2017 15.31 2190590 15.59 15.6 15.28
9/18/2017 15.59 1791002 15.79 15.93 15.585
9/15/2017 15.73 7410291 15.66 15.94 15.58
9/14/2017 15.23 4237762 15.14 15.29 15.05
9/13/2017 15.15 2288773 14.95 15.19 14.93
9/12/2017 14.93 2034129 14.9 15.02 14.8
9/11/2017 14.81 4771161 14.42 14.9 14.37
9/8/2017 14.37 4062890 14.25 14.45 14.16
9/7/2017 14.28 4137015 14.43 14.475 14.235
9/6/2017 14.42 2216136 14.57 14.79 14.4
9/5/2017 14.78 3415215 14.89 14.95 14.52
9/1/2017 14.93 3365894 14.95 14.98 14.71
8/31/2017 14.92 2656893 14.86 14.99 14.79
8/30/2017 14.82 2361772 14.66 14.85 14.55
8/29/2017 14.66 4057618 14.89 15 14.465
8/28/2017 15 2191478 14.78 15.015 14.74
8/25/2017 14.75 2081758 14.93 15.015 14.75
8/24/2017 14.88 2110742 15.1 15.15 14.86
8/23/2017 15.08 1459717 15.06 15.22 15.02
8/22/2017 15.16 1404725 15.06 15.22 15.04
8/21/2017 15.02 1603642 15.16 15.22 14.99
8/18/2017 15.19 2085489 15.04 15.31 14.995
8/17/2017 15.07 1485728 15.27 15.375 15.06
8/16/2017 15.34 1174231 15.23 15.435 15.2
8/15/2017 15.18 1944901 15.5 15.5 15.16
8/14/2017 15.43 2265482 15.52 15.52 15.405
8/11/2017 15.39 2409093 15.22 15.5 15.21
8/10/2017 15.26 3505923 15.67 15.73 15.23
8/9/2017 15.81 6773689 15.62 16.17 15.18
8/8/2017 15.22 5571779 15.44 15.4884 14.97
8/7/2017 15.47 3245585 15.7 15.76 15.36
8/4/2017 15.7 2720390 15.39 15.73 15.34
8/3/2017 15.34 1721464 15.44 15.5 15.27
8/2/2017 15.45 1886475 15.41 15.46 15.215
8/1/2017 15.41 2533803 15.49 15.5 15.24
7/31/2017 15.44 2665569 15.58 15.61 15.23
7/28/2017 15.54 2085377 15.75 15.825 15.33
7/27/2017 15.85 3522740 15.87 16.06 15.715
7/26/2017 15.83 1912620 15.99 16.03 15.7
7/25/2017 15.95 2145706 15.88 15.995 15.85
7/24/2017 15.78 1711730 15.88 15.98 15.78
7/21/2017 15.86 1516595 15.76 15.88 15.68
7/20/2017 15.84 1708624 15.72 15.93 15.565
7/19/2017 15.65 2567044 15.51 15.73 15.36
7/18/2017 15.44 1228577 15.63 15.66 15.37
7/17/2017 15.66 1203400 15.64 15.745 15.56
7/14/2017 15.64 1161957 15.63 15.74 15.58
7/13/2017 15.64 1796971 15.63 15.69 15.51
7/12/2017 15.69 1739442 15.85 15.95 15.68
7/11/2017 15.8 2302287 15.6 15.84 15.57
7/10/2017 15.61 2615401 15.6 15.69 15.49
7/7/2017 15.6 1245782 15.47 15.71 15.45
7/6/2017 15.44 1940042 15.5 15.61 15.395
7/5/2017 15.59 3797394 15.44 15.635 15.295
7/3/2017 15.39 1014769 15.6 15.6 15.38
6/30/2017 15.51 3137530 15.34 15.635 15.31
6/29/2017 15.32 2948756 15.54 15.55 15.01
6/28/2017 15.54 3383307 15.4 15.655 15.24
6/27/2017 15.31 3344462 15.21 15.55 15.21
6/26/2017 15.25 2451009 15.36 15.525 15.15
6/23/2017 15.36 7776700 15.2 15.51 15.125
6/22/2017 15.2 4350574 15.21 15.24 15.03
6/21/2017 15.14 2893883 15.34 15.4 15.08
6/20/2017 15.34 3428277 15.64 15.75 15.31
6/19/2017 15.71 3882765 15.31 15.72 15.28
6/16/2017 15.23 4038995 15.13 15.3 14.95
6/15/2017 15.18 2015608 15.24 15.3 15.1
6/14/2017 15.36 2626325 15.52 15.62 15.31
6/13/2017 15.47 2401256 15.35 15.5 15.1
6/12/2017 15.32 2896947 15.5 15.61 15.22
6/9/2017 15.54 2472647 15.89 15.93 15.5
6/8/2017 15.85 1979921 15.96 15.99 15.8
6/7/2017 15.94 1609076 15.94 16.045 15.83
6/6/2017 15.93 3555262 16.06 16.11 15.74
6/5/2017 16.12 2328561 16.44 16.44 16.085
6/2/2017 16.42 2583896 16.26 16.52 16.19
6/1/2017 16.25 3040328 16.21 16.27 16.07
5/31/2017 16.17 3933837 16.21 16.24 15.93
5/30/2017 16.15 2628821 16.28 16.36 16.12
5/26/2017 16.32 2649938 16.49 16.51 16.29
5/25/2017 16.57 1786043 16.53 16.655 16.46
5/24/2017 16.45 1995751 16.18 16.465 16.13
5/23/2017 16.17 1754585 16.08 16.25 16.01
5/22/2017 16.075 1065463 16.01 16.17 15.96
5/19/2017 16.02 1998768 16.01 16.11 15.93
5/18/2017 15.91 1823658 15.82 15.97 15.76
5/17/2017 15.85 4275391 16.26 16.36 15.84
5/16/2017 16.41 3159667 16.18 16.52 16.14
5/15/2017 16.12 2186857 15.84 16.13 15.84
5/12/2017 15.84 3112463 15.93 15.97 15.65
5/11/2017 15.93 3420504 16.02 16.035 15.76
5/10/2017 15.87 12699360 15.49 16.12 15.05
5/9/2017 15.1 4585070 15.03 15.31 14.9
5/8/2017 15.01 2485490 15.06 15.15 14.96
5/5/2017 15.11 2107985 15.07 15.15 14.91
5/4/2017 15.04 1658467 14.87 15.04 14.76
5/3/2017 14.87 3295506 14.99 15.03 14.78
5/2/2017 15.01 3358605 15.02 15.14 14.88
5/1/2017 14.96 3076671 14.75 14.97 14.73
4/28/2017 14.74 1901490 14.84 14.84 14.645
4/27/2017 14.79 4099752 14.83 14.93 14.69
4/26/2017 14.78 3880804 14.82 14.91 14.765
4/25/2017 14.77 3103583 14.74 14.885 14.61
4/24/2017 14.6 3527176 14.4 14.67 14.26
4/21/2017 14.33 3731114 14.04 14.41 14
4/20/2017 13.92 2541373 13.72 14.01 13.6904
4/19/2017 13.69 2463092 13.53 13.725 13.5
4/18/2017 13.52 2004329 13.5 13.59 13.38
4/17/2017 13.52 1547698 13.5 13.58 13.4401
4/13/2017 13.41 1590868 13.53 13.645 13.4
4/12/2017 13.58 1568064 13.7 13.78 13.54
4/11/2017 13.73 1495194 13.72 13.76 13.62
4/10/2017 13.75 1425413 13.68 13.82 13.6299
4/7/2017 13.67 1888930 13.71 13.85 13.65
4/6/2017 13.75 2381827 13.56 13.76 13.535
4/5/2017 13.53 3324133 13.41 13.805 13.33
4/4/2017 13.37 2304389 13.51 13.53 13.29
4/3/2017 13.56 1819990 13.63 13.63 13.45
3/31/2017 13.61 2760427 13.62 13.67 13.54
3/30/2017 13.68 1444327 13.52 13.7 13.49
3/29/2017 13.58 1518229 13.42 13.61 13.3734
3/28/2017 13.46 1813045 13.38 13.5 13.21
3/27/2017 13.37 1644314 13.31 13.375 13.16
3/24/2017 13.43 1365640 13.49 13.52 13.23
3/23/2017 13.47 2124882 13.44 13.63 13.32
3/22/2017 13.4 2483602 13.11 13.41 13.03
3/21/2017 13.15 2088753 13.44 13.47 13.115
3/20/2017 13.42 1650728 13.51 13.55 13.3
3/17/2017 13.49 4212788 13.46 13.55 13.38
3/16/2017 13.42 2655679 13.46 13.5099 13.33
3/15/2017 13.48 1744633 13.33 13.53 13.27
3/14/2017 13.28 1483535 13.21 13.32 13.1
3/13/2017 13.25 1999229 13.23 13.28 13.17
3/10/2017 13.25 1740732 13.27 13.39 13.14
3/9/2017 13.19 1874410 13.32 13.37 13.125
3/8/2017 13.3 1653004 13.35 13.43 13.27
3/7/2017 13.33 2693812 13.49 13.49 13.315
3/6/2017 13.46 2221503 13.51 13.58 13.39
3/3/2017 13.56 2026200 13.68 13.78 13.55
3/2/2017 13.73 2989034 13.85 13.93 13.7
3/1/2017 13.91 4034952 14.04 14.12 13.875
2/28/2017 13.94 6760290 13.81 13.96 13.77
2/27/2017 13.85 3860647 13.65 13.88 13.63
2/24/2017 13.67 3812474 13.66 13.705 13.505
2/23/2017 13.44 3724976 13.65 13.69 13.41
2/22/2017 13.69 3566835 13.89 13.975 13.65
2/21/2017 14.13 4724651 14.22 14.395 13.98
2/17/2017 14.13 4578074 13.69 14.17 13.6
2/16/2017 13.69 11088180 14 14.08 13.38
2/15/2017 14.34 6293420 14.29 14.465 14.08
2/14/2017 14.29 4627854 14.27 14.405 14.25
2/13/2017 14.31 4561129 14.42 14.465 14.215
2/10/2017 14.33 3587944 14.29 14.46 14.18
2/9/2017 14.22 2967532 14.01 14.31 13.95
2/8/2017 13.96 2343960 13.77 14.09 13.74
2/7/2017 13.8 1917148 13.8 13.95 13.73
2/6/2017 13.77 1908902 13.77 13.9 13.67
2/3/2017 13.825 3066391 13.62 13.83 13.62
2/2/2017 13.62 2281140 13.51 13.69 13.43
2/1/2017 13.44 3000528 13.58 13.635 13.44
1/31/2017 13.53 2388896 13.67 13.67 13.39
1/30/2017 13.7 2020253 13.69 13.715 13.56
1/27/2017 13.77 1954920 13.88 13.95 13.615
1/26/2017 13.84 2681439 13.84 13.97 13.68
1/25/2017 13.76 2029078 13.78 13.98 13.73
1/24/2017 13.77 2239114 13.62 13.81 13.57
1/23/2017 13.58 2406760 13.47 13.59 13.39
1/20/2017 13.49 1977011 13.54 13.6799 13.455
1/19/2017 13.49 2290717 13.52 13.5948 13.4
1/18/2017 13.48 2918728 13.46 13.56 13.345
1/17/2017 13.44 2888057 13.8 13.88 13.345
1/13/2017 13.89 2354797 13.8 14.01 13.76
1/12/2017 13.8 1835803 13.65 13.82 13.57
1/11/2017 13.64 1710024 13.51 13.66 13.42
1/10/2017 13.5 1945454 13.47 13.61 13.385
1/9/2017 13.43 2304785 13.25 13.48 13.09
1/6/2017 13.25 4629797 13.34 13.44 13.15
1/5/2017 13.64 3951719 13.61 13.71 13.36
1/4/2017 13.63 2788318 13.44 13.64 13.37
1/3/2017 13.42 4385283 13.55 13.64 13.25
