date close volume open high low
12/31/2018 42.12 29302 43.11 43.2 42.12
12/28/2018 43.63 26138 44 44.06 42.109
12/27/2018 44.56 27985 42.83 44.56 42.26
12/26/2018 43.6 10613 43.46 44.02 43.12
12/24/2018 43.33 5066 43.85 43.85 43.33
12/21/2018 43.89 17524 43.9 44.21 43.54
12/20/2018 43.66 12088 42.5 43.66 42.5
12/19/2018 42.9 12389 43.23 43.53 42.56
12/18/2018 43.29 15512 43.05 43.29 42.91
12/17/2018 41.97 20288 41.87 42.26 41.51
12/14/2018 41.27 11217 41.294 41.64 41.27
12/13/2018 41.44 111010 41.53 41.53 41.331
12/12/2018 41.71 17784 41.82 41.83 41.21
12/11/2018 41.6 18851 41.9497 41.9497 41.06
12/10/2018 41.19 21957 41.37 41.598 41.01
12/7/2018 41.4 8862 42.24 42.45 41.4
12/6/2018 41.99 25452 42.05 42.4999 41.73
12/4/2018 42.6 16168 43.23 44.03 42.47
12/3/2018 42.89 5701 42.5 42.99 42.47
11/30/2018 42.28 7173 42.22 42.31 41.6661
11/29/2018 42.73 13907 42.16 43.3799 42.0411
11/28/2018 42.5 9718 41.99 42.68 41.65
11/27/2018 42.34 8024 42.46 42.65 42.19
11/26/2018 42.65 36239 42.44 42.66 42.321
11/23/2018 42.44 28887 42.5 42.87 42.44
11/21/2018 42.87 9761 42.4642 42.8799 42.46
11/20/2018 42.01 8861 42.36 42.5399 41.96
11/19/2018 42 11493 42.44 42.69 42
11/16/2018 43.01 11279 42.47 43.1 42.22
11/15/2018 42.6 19311 42.47 42.98 42.21
11/14/2018 42.26 15356 43.2 43.2 42.01
11/13/2018 42.91 13741 43.09 44.11 42.69
11/12/2018 42.45 13930 43.29 43.5 42.1201
11/9/2018 42.5 5659 42.9 42.9 42.5
11/8/2018 43.77 10577 42.95 43.9 42.95
11/7/2018 43.4 12925 43.61 44.33 42.81
11/6/2018 43.11 8175 43.6781 43.6781 42.57
11/5/2018 42.61 19387 43.7 44.25 42.23
11/2/2018 43.45 11952 43.62 44.31 43
11/1/2018 42.78 12760 42.2 42.78 42.02
10/31/2018 41.54 25998 41.27 42.1 41.27
10/30/2018 40.74 13639 41.39 41.39 40.18
10/29/2018 41.66 21748 42.82 42.82 41.66
10/26/2018 42.12 15363 42.35 42.6199 41.92
10/25/2018 42.62 23920 42.58 42.68 41.82
10/24/2018 42.13 22390 43.07 43.2745 42.13
10/23/2018 42.41 17079 42.62 43.21 42.41
10/22/2018 43.53 7169 43.78 43.78 43.43
10/19/2018 43.39 10551 43.58 43.58 43.04
10/18/2018 42.7 9594 43.2 43.28 42.7
10/17/2018 43.71 4308 43.84 44.56 43.43
10/16/2018 43.9 6297 43.22 43.9 43.14
10/15/2018 43.02 9689 42.94 43.53 42.94
10/12/2018 42.67 14665 43.32 43.32 42.53
10/11/2018 42.61 13293 43 43.4 42.54
10/10/2018 43.72 8941 44.23 44.36 43.71
10/9/2018 44.91 12945 44.43 45.13 44.38
10/8/2018 44.91 9127 44.71 44.9572 44.68
10/5/2018 44.76 7070 44.79 44.79 44.38
10/4/2018 44.88 5854 45.27 45.4961 44.73
10/3/2018 44.73 8434 45.3099 45.3099 44.54
10/2/2018 45.18 8121 45.21 45.25 44.86
10/1/2018 45.76 19197 45.469 45.76 45.33
9/28/2018 45.33 2753 45.62 45.62 45.32
9/27/2018 44.89 7764 45 45.32 44.89
9/26/2018 44.77 2484 44.8 44.999 44.77
9/25/2018 44.84 5587 44.29 44.84 44.29
9/24/2018 44.3 7592 44.46 44.47 44.15
9/21/2018 44.61 13449 44.88 44.99 44.48
9/20/2018 44.03 14918 44.35 44.48 43.32
9/19/2018 43.64 3866 43.11 43.64 43.11
9/18/2018 43.41 6565 43.28 43.52 42.86
9/17/2018 43.59 9106 43.646 43.67 43.28
9/14/2018 43.64 5932 44.09 44.1299 43.63
9/13/2018 44.22 31001 44.9 44.9 44.01
9/12/2018 43.82 6474 43.165 44.07 43.165
9/11/2018 43.5 13826 43.07 43.67 42.825
9/10/2018 42.44 15911 42.74 42.85 42.3327
9/7/2018 42.58 6104 42.59 42.8198 42.51
9/6/2018 42.96 13006 42.17 42.96 42.17
9/5/2018 42.5 14020 42.5 42.52 42.01
9/4/2018 42.89 4564 43.09 43.22 42.79
8/31/2018 43.9 6026 43.83 43.9 43.61
8/30/2018 43.43 9865 43.62 43.89 43.43
8/29/2018 44.96 5480 44.79 45.1399 44.77
8/28/2018 44.61 4783 44.39 44.9995 44.39
8/27/2018 44.61 8032 44.5 44.61 44.27
8/24/2018 44.39 14704 43.818 44.39 43.75
8/23/2018 42.59 20942 43.68 43.68 42.15
8/22/2018 44 10444 43.764 44.26 43.76
8/21/2018 44.3 3879 43.88 44.3 43.88
8/20/2018 43.52 3975 43.5746 43.5746 43.37
8/17/2018 43.49 5633 43.04 43.61 42.99
8/16/2018 43.24 11942 43.52 43.58 43.24
8/15/2018 42.78 8723 42.84 43.08 42.43
8/14/2018 43.36 7913 43.7 43.7 43.36
8/13/2018 42.47 11703 42.6752 42.7676 42.45
8/10/2018 43.34 41910 43.5 43.9434 42.9527
8/9/2018 44.71 32395 44.96 45.58 44.63
8/8/2018 45.56 22473 46 46.3699 45.22
8/7/2018 43.85 18276 44.96 44.96 43.85
8/6/2018 44.96 17625 44.99 45.4 44.11
8/3/2018 45.17 4789 44.95 45.407 44.95
8/2/2018 45.02 4672 44.89 45.02 44.6196
8/1/2018 46.3 14125 46.1289 46.3764 46.02
7/31/2018 45.91 10217 45.68 46.0085 45.68
7/30/2018 45.53 12299 45.59 45.64 45.3852
7/27/2018 45.43 6124 45.151 45.57 45.151
7/26/2018 45.02 6474 44.74 45.13 44.74
7/25/2018 45.07 19324 45.0245 45.43 44.8918
7/24/2018 44.57 14316 44.52 44.79 44.31
7/23/2018 44.52 14181 44.01 44.75 43.7
7/20/2018 44.22 5013 44.025 44.22 43.74
7/19/2018 43.51 10445 43.5 43.56 42.9
7/18/2018 43.96 33250 43.87 44.06 43.57
7/17/2018 44.73 16994 45.29 45.29 44.46
7/16/2018 44.84 12852 45.12 45.12 44.21
7/13/2018 45.54 21714 45.25 45.57 45.05
7/12/2018 44.55 49528 44.2205 44.72 44.2205
7/11/2018 44.76 60550 45.11 45.83 44.76
7/10/2018 45.09 51947 46.18 46.34 44.9485
7/9/2018 46.37 29289 45.81 46.5302 45.81
7/6/2018 45.44 6359 45.21 45.515 45.21
7/5/2018 44.18 10230 44.38 44.38 43.87
7/3/2018 44.5 3892 44.3997 44.87 44.3997
7/2/2018 43.89 23008 43.89 44.35 43.62
6/29/2018 43.97 22819 43.64 44.32 43.63
6/28/2018 42.64 9389 42.47 42.88 42.47
6/27/2018 42.86 46289 43.59 43.63 42.85
6/26/2018 44.47 7289 43.92 44.83 43.85
6/25/2018 43.89 25609 43.37 44.03 43.37
6/22/2018 45.05 12141 44.03 45.99 44.02
6/21/2018 44.01 17291 45.98 45.98 43.945
6/20/2018 46.41 25195 46 46.5284 46
6/19/2018 44.93 32269 45.75 45.9101 43.843
6/18/2018 44.9 29683 44.76 45.47 44.36
6/15/2018 44.24 17383 44.12 44.24 43.81
6/14/2018 45.76 7091 45.81 45.91 45.685
6/13/2018 46.62 15166 46.505 46.985 46.2
6/12/2018 47.57 9965 47.766 48 47
6/11/2018 46.71 12688 46.76 47.29 46.71
6/8/2018 46.6 23998 46.55 46.8 46.3
6/7/2018 46.54 76359 46.69 48.1 46.42
6/6/2018 46 6192 45.52 46 45.32
6/5/2018 45.4 9743 45.36 46.32 45.2255
6/4/2018 45.07 23809 45.21 45.21 43.95
6/1/2018 43.6 16911 43.61 44.74 43.6
5/31/2018 43.19 19137 42.795 43.19 42.45
5/30/2018 42.71 19876 42.42 42.83 42.26
5/29/2018 42.7 17717 43.488 43.59 42.61
5/25/2018 44.33 10503 43.87 44.33 43.87
5/24/2018 44.03 14026 44.75 44.75 43.49
5/23/2018 44.91 12673 43.98 44.91 43.785
5/22/2018 45.15 7747 43.51 45.19 43.51
5/21/2018 43.17 11982 43.23 43.94 43
5/18/2018 42.66 12925 42.24 42.68 41.62
5/17/2018 43.03 11631 43.12 43.29 43.01
5/16/2018 44.08 12219 43.62 44.08 43.61
5/15/2018 42.95 7459 44.14 44.535 42.95
5/14/2018 44.18 3903 44.08 44.375 43.936
5/11/2018 44.3 6940 44.49 44.49 43.863
5/10/2018 44.9 7090 43.98 45.09 43.98
5/9/2018 43.41 7521 44.05 44.05 43.17
5/8/2018 44.99 13685 43.28 44.99 43.03
5/7/2018 43.28 13765 43.08 43.28 42.681
5/4/2018 43.44 8606 43.15 43.7075 43.09
5/3/2018 43.56 12507 43.26 43.56 43.04
5/2/2018 43.54 7444 44.22 44.22 43.44
5/1/2018 44.53 11380 44.41 44.7 43.9396
4/30/2018 44.72 8901 44.9 44.91 44.4801
4/27/2018 44.43 6646 44.43 45.1932 44.41
4/26/2018 44.06 14444 44.1 44.66 44.06
4/25/2018 44.18 8037 44.23 44.3 43.9488
4/24/2018 44.62 16975 44.48 44.84 44.43
4/23/2018 43.94 13204 43.63 44.21 43.63
4/20/2018 42.8 24824 43.04 43.04 42.43
4/19/2018 42.77 11717 43.11 43.11 42.39
4/18/2018 41.95 5696 41.81 42.31 41.81
4/17/2018 41.78 9037 41.44 42.067 41.44
4/16/2018 41.47 9269 41.27 41.775 41.27
4/13/2018 41.99 11747 41.59 42.43 41.59
4/12/2018 41 7602 40.55 41.05 40.55
4/11/2018 40.07 4820 40.52 40.52 40.07
4/10/2018 40.01 11592 39.73 40.25 39.69
4/9/2018 38.43 14757 38.49 38.77 38.39
4/6/2018 38.48 11975 38.9411 38.9411 38.29
4/5/2018 39.45 14978 39.625 39.855 39.45
4/4/2018 39.62 13986 38.8 39.62 38.59
4/3/2018 39.69 18646 39.87 39.8844 39.2855
4/2/2018 39.42 18226 42.12 42.12 39.42
3/29/2018 41.37 20246 40.94 42.83 40.87
3/28/2018 40.83 17580 41.05 41.05 40.18
3/27/2018 41.24 17925 41.939 42.05 41.24
3/26/2018 42.13 44090 41.58 42.13 41.32
3/23/2018 41 41001 43.11 43.11 41
3/22/2018 43.29 20116 45.72 45.72 43.29
3/21/2018 44.38 7267 44.06 44.38 43.88
3/20/2018 44.03 13384 43.79 44.03 43.6
3/19/2018 43.81 10157 44 44.18 43.47
3/16/2018 44.2 6075 44.11 44.34 43.99
3/15/2018 44.33 5976 44.27 44.41 44.08
3/14/2018 44.11 7683 43.83 44.11 43.74
3/13/2018 44.7 41621 45.13 45.13 44.531
3/12/2018 45.97 9354 45.13 45.97 45.13
3/9/2018 44.42 5600 43.8999 44.42 43.8999
3/8/2018 43.26 4791 43.69 43.69 43.25
3/7/2018 43.85 6847 44.0085 44.0085 43.5732
3/6/2018 44.47 10009 44.91 44.91 44.47
3/5/2018 45.42 10312 45 45.42 44.7806
3/2/2018 45.75 6895 45.06 45.75 45.06
3/1/2018 45.6 9135 45.49 45.6301 45.07
2/28/2018 45.48 7749 45.72 45.76 45.18
2/27/2018 46.62 25527 47.93 47.93 46.62
2/26/2018 48.24 13456 48 48.24 47.55
2/23/2018 47.57 8956 47.23 48 47.1
2/22/2018 46.5 11966 46.1 46.66 45.96
2/21/2018 45.68 8300 46.28 46.31 45.61
2/20/2018 46.89 9442 47.11 47.11 46.32
2/16/2018 47.28 8622 47.99 47.99 47
2/15/2018 47.25 7891 46.54 47.25 46.54
2/14/2018 46.7 13720 45.9409 46.7 45.9409
2/13/2018 45.44 30134 44.69 46.7 44.4999
2/12/2018 43.59 19935 42.7 43.76 42.7
2/9/2018 42.63 23348 42.73 42.73 41.23
2/8/2018 43.73 24427 40.86 44.5199 40.2
2/7/2018 43.13 22241 44.41 44.41 43.13
2/6/2018 45.38 16349 45 45.45 44.68
2/5/2018 45.18 10367 45.83 46.38 45.18
2/2/2018 46.13 11754 46.09 46.31 46.06
2/1/2018 46.88 3998 46.92 47.07 46.6751
1/31/2018 47.32 10615 47.34 47.34 46.85
1/30/2018 46.85 33553 47.71 47.71 46.85
1/29/2018 46.6 31542 47.74 47.74 46.38
1/26/2018 48.4 9835 48.317 48.4 48.15
1/25/2018 48.01 6570 48.25 48.27 47.82
1/24/2018 48.28 8648 47.94 48.29 47.94
1/23/2018 48.4 6084 48.02 48.4 48.02
1/22/2018 47.25 9586 46.92 47.25 46.92
1/19/2018 47.65 6824 47.36 47.65 47.29
1/18/2018 46.65 9254 46.88 46.88 46.44
1/17/2018 47.85 13882 47.41 47.85 47.23
1/16/2018 46.4 12601 47 47 46.26
1/12/2018 49.04 12236 48.74 49.04 48.6978
1/11/2018 48.13 20466 47.814 48.67 47.725
1/10/2018 47.36 23259 46.99 47.87 46.93
1/9/2018 46.9 18193 46.42 46.9 46.42
1/8/2018 46 13663 45.53 46.12 45.53
1/5/2018 45.15 11095 45.02 45.15 44.811
1/4/2018 44.73 17049 44.99 45.01 44.69
1/3/2018 45.2 13592 45 45.29 44.94
1/2/2018 45.52 17851 45.23 45.52 44.98
12/29/2017 44.69 9115 44.67 44.9 44.56
12/28/2017 44.62 14069 44.77 44.77 44.06
12/27/2017 45.5 13869 45.43 46.26 45.17
12/26/2017 45.53 10725 45.53 46.12 45.47
12/22/2017 45.72 10339 45.5 45.72 45.3293
12/21/2017 45.19 10020 45.285 45.49 45.15
12/20/2017 45.45 13068 45.06 45.45 45.06
12/19/2017 45.21 24468 45.06 45.23 44.74
12/18/2017 45 40202 45.23 46.36 44.97
12/15/2017 45.38 83424 44.65 45.7 44.65
12/14/2017 44.65 9555 44.607 44.79 44.42
12/13/2017 44.11 25282 43.95 44.39 43.79
12/12/2017 42.91 22369 42.73 43.04 42.73
12/11/2017 42.88 9069 43 43.12 42.73
12/8/2017 43.43 5112 43.1551 43.51 43.1551
12/7/2017 43.8 14735 43.91 43.93 43.6
12/6/2017 43.88 20197 43.83 44.2 43.65
12/5/2017 44.15 39991 44.53 44.75 43.76
12/4/2017 44.41 33369 46.07 46.07 44.41
12/1/2017 44.24 12607 43.77 44.68 43.63
11/30/2017 45.32 16666 45.03 46.14 45.02
11/29/2017 44.6 6663 44.7753 44.7753 44.3
11/28/2017 45.01 18130 44.49 45.01 44.31
11/27/2017 44.1 14292 44.52 44.52 43.86
11/24/2017 44.52 1253 44.76 44.76 44.47
11/22/2017 44 11768 43.808 44.31 43.79
11/21/2017 43.11 33603 43.73 43.73 43.01
11/20/2017 42.85 52250 43.13 43.18 42.5
11/17/2017 43.52 8751 43.6 43.63 43.3
11/16/2017 44.4 4835 43.79 44.6059 43.79
11/15/2017 43.65 18119 43.35 43.8798 43.25
11/14/2017 41.2 26647 41.2 41.89 40.95
11/13/2017 41.5 3363 41.58 41.58 41.2319
11/10/2017 41.58 6256 41.77 41.77 41.33
11/9/2017 42.01 3759 42.12 42.12 41.54
11/8/2017 41.69 9565 41.6 42.15 41.6
11/7/2017 41.6 9806 42.21 42.22 41.17
11/6/2017 42.95 12210 42.91 42.97 42.6928
11/3/2017 44.15 3408 43.64 44.15 43.64
11/2/2017 43.97 4543 44.2 44.2 43.7
11/1/2017 44.48 10539 43.9 44.78 43.9
10/31/2017 43.9 6047 44.24 44.24 43.66
10/30/2017 44.9 8328 45.77 45.77 44.63
10/27/2017 45.68 9840 46.7 46.7 45.4
10/26/2017 47.48 5826 46.6 47.48 46.47
10/25/2017 46.61 8241 46.18 46.75 46.16
10/24/2017 46.25 9422 45.94 46.33 45.94
10/23/2017 45.1 10553 46.11 46.11 45.06
10/20/2017 46.4 6521 46.575 46.575 46.097
10/19/2017 46.22 6798 44.84 46.22 44.82
10/18/2017 45.17 56756 45.5 45.5 44.7965
10/17/2017 45.56 19074 46.44 46.44 45.323
10/16/2017 46.24 35177 46.3 46.68 45.89
10/13/2017 46.2 8417 46.79 46.79 46.15
10/12/2017 47.48 4876 47.25 47.49 47.23
10/11/2017 46.85 11779 47.85 47.85 46.37
10/10/2017 47.76 24435 47.3445 47.76 47.3445
10/9/2017 47.14 13325 47.07 47.23 46.771
10/6/2017 47.19 4545 47.5 47.5 46.892
10/5/2017 47.33 12048 47.175 47.55 47.161
10/4/2017 46.5 12772 46.87 47.04 46.074
10/3/2017 46.83 18607 46.34 46.8599 46.34
10/2/2017 46.3 16255 46.48 46.73 46.28
9/29/2017 46.62 6990 46.27 46.62 46.27
9/28/2017 46.19 6220 46.23 46.59 46.16
9/27/2017 46.5 11372 46.38 46.79 46.2771
9/26/2017 46.33 15293 45.76 46.39 45.69
9/25/2017 46.15 16583 46.1 46.34 45.53
9/22/2017 47.83 8854 47.5 48 47.5
9/21/2017 47.09 5632 47.26 47.36 47.08
9/20/2017 47.55 18325 47.38 47.55 47.1
9/19/2017 47.4 38529 47.03 47.4 46.93
9/18/2017 46.95 12062 46.52 47.22 46.52
9/15/2017 45.88 9167 45.78 46.4016 45.78
9/14/2017 45.42 10757 44.97 45.5 44.97
9/13/2017 45.33 7197 45.75 45.75 45.3
9/12/2017 45.81 11129 45.54 46.013 45.54
9/11/2017 45.76 12599 45.09 46.25 45.09
9/8/2017 44.83 18426 44.95 44.9938 44.6
9/7/2017 45.71 25715 46.05 46.203 45.47
9/6/2017 44.85 22586 45.28 45.29 44.82
9/5/2017 44.49 32621 45.8 46.605 40.94
9/1/2017 49.53 15488 49.24 49.68 49.24
8/31/2017 49.37 12716 50.07 50.07 49.35
8/30/2017 50.08 8655 49.94 50.25 49.94
8/29/2017 50.25 7872 50.19 50.25 49.41
8/28/2017 50.5 9790 50.71 51.07 50.5
8/25/2017 50.9 11879 50.24 50.9518 50.24
8/24/2017 49.47 3385 49.61 49.72 49.45
8/23/2017 49.03 5642 48.57 49.39 48.57
8/22/2017 49.22 3071 49.09 49.39 48.81
8/21/2017 48.73 12004 48.08 48.9 48.08
8/18/2017 48.29 12502 48.2 48.56 48.2
8/17/2017 48.62 36305 48.79 49.16 48.62
8/16/2017 48.96 10365 49.04 49.09 48.32
8/15/2017 49.86 29666 49.49 49.87 49.16
8/14/2017 49.16 7197 48.1 49.17 48.1
8/11/2017 48.22 16238 47.8 48.3 47.8
8/10/2017 47.8 31554 48.51 48.53 47.6401
8/9/2017 49.25 40799 50.49 50.49 48.41
8/8/2017 50.59 9240 50.52 50.83 50.52
8/7/2017 50.78 8054 50.65 50.78 50.5101
8/4/2017 50.82 3850 50.64 50.88 50.58
8/3/2017 50.64 12028 50.72 50.72 50.0771
8/2/2017 51.22 10071 51.33 51.35 51.015
8/1/2017 51.85 11356 51.74 52.04 51.6124
7/31/2017 51.26 23308 51.64 51.64 51.1103
7/28/2017 51.83 28964 51.75 51.94 51.1
7/27/2017 52.03 25024 52.54 52.54 51.61
7/26/2017 53.5 13715 52.34 53.5 52.33
7/25/2017 52.17 18950 52.29 52.29 51.9
7/24/2017 51.72 12638 51.67 51.7757 51.196
7/21/2017 50.42 6333 50.636 50.72 50.34
7/20/2017 50.36 7870 50.4 50.4 49.9
7/19/2017 50.67 24838 50.26 51.35 50.23
7/18/2017 50.15 65938 49.92 50.2 49.92
7/17/2017 49.78 5547 49.36 49.78 49.36
7/14/2017 49.36 11572 48.88 49.81 48.88
7/13/2017 48.66 10521 48.6 49.2 48.5046
7/12/2017 48.98 6764 49.34 49.34 48.5
7/11/2017 48.82 6740 49.28 49.32 48.81
7/10/2017 49.48 6580 49.01 49.49 49.0016
7/7/2017 48.7043 4843 48.46 48.7043 48.46
7/6/2017 48.43 2618 47.99 48.45 47.99
7/5/2017 48.25 6589 48.54 48.54 48.163
7/3/2017 48.471 3959 48.73 48.8 48.46
6/30/2017 48.6996 6803 49 49 48.3334
6/29/2017 48.36 4634 48.19 48.7775 48.19
6/28/2017 47.6 6291 47.49 47.7732 46.76
6/27/2017 46.53 4506 46.9 46.9 46.26
6/26/2017 46.47 12455 46.301 47.03 46.301
6/23/2017 46.08 10412 44.9 46.0899 44.9
6/22/2017 44.89 2186 44.6699 44.98 44.6699
6/21/2017 44.2 1983 44.35 44.35 44.05
6/20/2017 44.35 3902 44.265 44.5399 44.265
6/19/2017 45.82 13422 45.55 45.82 45.43
6/16/2017 45.83 2794 45.75 45.83 45.5226
6/15/2017 45.52 6584 46.05 46.05 44.861
6/14/2017 46.17 2394 46.06 46.3 46.06
6/13/2017 45.75 5233 45.82 46.13 45.5
6/12/2017 45.61 10351 45.4 45.7499 45.26
6/9/2017 44.8 4944 44.95 45.296 44.6201
6/8/2017 44.01 2007 43.81 44.01 43.75
6/7/2017 43.05 2199 42.97 43.36 42.97
6/6/2017 43.25 4898 42.78 43.25 42.76
6/5/2017 42.89 5020 43.25 43.25 42.81
6/2/2017 42.53 9069 42.92 42.92 42.5
6/1/2017 41.5 3438 40.7 41.5 40.7
5/31/2017 41.77 5317 41.76 42.15 41.16
5/30/2017 42 15497 42.2 42.2 41.6122
5/26/2017 42.4 17081 42.6 43.07 41.5597
5/25/2017 41.85 6790 41.88 41.92 41.77
5/24/2017 41.65 10363 41.73 41.73 41.2975
5/23/2017 41.86 5963 42 42 41.7301
5/22/2017 42.14 9510 42.6 42.6 41.7
5/19/2017 41.75 4509 41.1 41.77 41.1
5/18/2017 41.14 5230 41.34 41.46 41.1394
5/17/2017 41.17 16799 41.88 41.88 41.12
5/16/2017 42.45 15920 43.65 43.65 42.25
5/15/2017 43.75 17543 43.1 44 43.1
5/12/2017 43.13 5181 43.41 43.41 42.68
5/11/2017 43.81 5399 43.03 43.83 43.03
5/10/2017 41.6 8925 41.73 41.73 41.2
5/9/2017 41.71 8048 41.628 41.799 41.51
5/8/2017 41.34 7794 41.08 41.34 41.08
5/5/2017 40.31 1748 40.19 40.31 40.051
5/4/2017 39.74 1251 40.15 40.18 39.74
5/3/2017 39.75 7320 40.01 40.01 39.54
5/2/2017 39.9 3143 39.71 39.98 39.511
5/1/2017 39.78 2017 39.97 39.97 39.65
4/28/2017 39.72 2634 39.65 39.72 39.5
4/27/2017 39.65 4098 40.05 40.05 39.31
4/26/2017 40.28 3792 39.916 40.28 39.85
4/25/2017 40.02 5233 39.57 40.04 39.57
4/24/2017 39.22 3385 39.25 39.2538 39.18
4/21/2017 38.15 1355 38 38.29 38
4/20/2017 37.6547 4287 37.535 37.6547 37.39
4/19/2017 37.2 2307 37.2479 37.34 36.9832
4/18/2017 36.96 2859 36.95 37.009 36.685
4/17/2017 37.55 6054 37.19 37.55 37.1402
4/13/2017 36.63 2893 36.67 36.67 36.55
4/12/2017 36.34 1874 35.97 36.47 35.97
4/11/2017 36.1 1349 36.11 36.14 35.98
4/10/2017 36.07 2325 36.24 36.24 35.93
4/7/2017 37.19 2233 37.001 37.19 37
4/6/2017 36.5 1650 36.36 36.5743 36.36
4/5/2017 36.11 17820 35.4 36.18 35.4
4/4/2017 35.23 5864 35.15 35.23 35.0096
4/3/2017 35.2138 1208 35.3 35.36 35.2138
3/31/2017 35.1586 552 35.1586 35.1586 35.1586
3/30/2017 35.5 1497 35.2375 35.5 35.2375
3/29/2017 35.53 991 35.45 35.53 35.45
3/28/2017 35.96 2613 35.7559 35.96 35.7559
3/27/2017 35.5 1775 35.4608 35.5 35.3769
3/24/2017 36 851 36.2399 36.2399 36
3/23/2017 35.82 1111 36.01 36.04 35.72
3/22/2017 35.78 3931 35.86 35.86 35.59
3/21/2017 36.63 3114 36.74 37.01 36.39
3/20/2017 37.25 4309 37.19 37.33 36.9001
3/17/2017 36.99 2289 36.95 36.99 36.85
3/16/2017 36.45 8376 36.31 36.53 36.31
3/15/2017 36.78 20018 36.11 38.3 36.04
3/14/2017 36.55 7061 36.007 36.61 35.96
3/13/2017 36.6 9168 36.16 36.7 36.16
3/10/2017 35.83 3117 35.392 35.83 35.28
3/9/2017 35.03 2338 34.855 35.03 34.85
3/8/2017 35.562 1757 35.81 35.81 35.4396
3/7/2017 35.78 3427 35.2739 35.78 35.2739
3/6/2017 34.7 1494 34.56 34.7 34.4811
3/3/2017 35.45 3384 34.82 35.46 34.79
3/2/2017 36.13 3119 35.41 36.14 35.41
3/1/2017 35.76 2969 35.3526 35.76 35.3526
2/28/2017 35.43 2830 35.57 35.57 35.08
2/27/2017 35.64 4988 37.83 37.83 35.64
2/24/2017 36.28 2529 36.13 36.28 35.89
2/23/2017 36.22 9565 35.61 36.75 35.61
2/22/2017 35.88 1130 35.66 35.88 35.6395
2/21/2017 36.2 1509 36.04 36.2 35.9947
2/17/2017 35.81 3105 35.599 36.13 35.53
2/16/2017 35.52 2557 35.6 35.6 35.334
2/15/2017 36.48 2604 36.61 36.61 36.18
2/14/2017 36.67 6910 36.02 36.67 36.02
2/13/2017 36.02 2481 36.01 36.17 35.975
2/10/2017 35.71 2321 35.815 36.02 35.71
2/9/2017 36.39 3690 35.14 36.49 35.14
2/8/2017 35.77 7201 34.54 35.82 34.54
2/7/2017 35.36 6701 35.64 35.74 35.34
2/6/2017 35.35 2260 34.7 35.36 34.7
2/3/2017 35.53 14276 35.06 36.58 34.95
2/2/2017 35.26 5561 34.964 35.26 34.74
2/1/2017 34.82 3715 34.35 34.88 34.35
1/31/2017 34.17 5584 34.1 34.19 33.8
1/30/2017 33.331 1072 33.4125 33.4125 33.24
1/27/2017 33.96 4669 33.731 33.96 33.46
1/26/2017 33.55 4267 33.35 33.84 33.35
1/25/2017 33.35 4285 33.287 33.35 33.28
1/24/2017 33.2 1986 33.14 33.2 32.91
1/23/2017 33.35 2526 33.078 33.35 33.01
1/20/2017 33.35 4495 33.35 33.35 33.2683
1/19/2017 33.24 2305 33.39 33.39 33.03
1/18/2017 33.68 19012 33.39 33.68 33.18
1/17/2017 33.5 6765 33.03 33.6599 33.03
1/13/2017 32.5 3036 32.69 32.69 32.2501
1/12/2017 32.69 2015 32.17 32.69 32.17
1/11/2017 32.3 2252 32.05 32.3 31.99
1/10/2017 32 9197 31.04 32 31.04
1/9/2017 31.18 4572 30.92 31.18 30.92
1/6/2017 31.4092 4732 31.12 31.42 31.12
1/5/2017 31.43 8579 31.29 31.43 31.1954
1/4/2017 32.01 7630 32.04 32.14 31.83
1/3/2017 32.35 7808 31.7695 32.35 31.7586
